Wavelength (Angstroms), Normalized intensity, Element
5168.0, 8024, 
5168.002, 8036, 
5168.004, 8047, 
5168.006, 8058, 
5168.008, 8068, 
5168.01, 8078, 
5168.012, 8088, 
5168.014, 8098, 
5168.016, 8107, 
5168.018, 8116, 
5168.02, 8124, 
5168.022, 8133, 
5168.024, 8141, 
5168.026, 8150, 
5168.028, 8157, 
5168.03, 8165, 
5168.032, 8172, 
5168.034, 8179, 
5168.036, 8186, 
5168.038, 8193, 
5168.04, 8198, 
5168.042, 8204, 
5168.044, 8209, 
5168.046, 8214, 
5168.048, 8218, 
5168.05, 8222, 
5168.052, 8225, 
5168.054, 8229, 
5168.056, 8231, 
5168.058, 8233, 
5168.06, 8236, 
5168.062, 8236, 
5168.064, 8236, 
5168.066, 8237, 
5168.068, 8236, 
5168.07, 8234, 
5168.072, 8231, 
5168.074, 8228, 
5168.076, 8225, 
5168.078, 8221, 
5168.08, 8216, 
5168.082, 8210, 
5168.084, 8205, 
5168.086, 8199, 
5168.088, 8191, 
5168.09, 8184, 
5168.092, 8177, 
5168.094, 8169, 
5168.096, 8159, 
5168.098, 8149, 
5168.1, 8141, 
5168.102, 8131, 
5168.104, 8118, 
5168.106, 8106, 
5168.108, 8094, 
5168.11, 8081, 
5168.112, 8067, 
5168.114, 8051, 
5168.116, 8036, 
5168.118, 8021, 
5168.12, 8005, 
5168.122, 7989, 
5168.124, 7973, 
5168.126, 7957, 
5168.128, 7943, 
5168.13, 7928, 
5168.132, 7915, 
5168.134, 7902, 
5168.136, 7890, 
5168.138, 7879, 
5168.14, 7870, 
5168.142, 7860, 
5168.144, 7851, 
5168.146, 7843, 
5168.148, 7838, 
5168.15, 7834, 
5168.152, 7830, 
5168.154, 7828, 
5168.156, 7826, 
5168.158, 7826, 
5168.16, 7826, 
5168.162, 7827, 
5168.164, 7829, 
5168.166, 7832, 
5168.168, 7835, 
5168.17, 7839, 
5168.172, 7844, 
5168.174, 7849, 
5168.176, 7854, 
5168.178, 7859, 
5168.18, 7864, 
5168.182, 7870, 
5168.184, 7874, 
5168.186, 7880, 
5168.188, 7886, 
5168.19, 7892, 
5168.192, 7898, 
5168.194, 7904, 
5168.196, 7910, 
5168.198, 7916, 
5168.2, 7922, 
5168.202, 7929, 
5168.204, 7935, 
5168.206, 7942, 
5168.208, 7948, 
5168.21, 7956, 
5168.212, 7964, 
5168.214, 7970, 
5168.216, 7978, 
5168.218, 7987, 
5168.22, 7996, 
5168.222, 8004, 
5168.224, 8014, 
5168.226, 8024, 
5168.228, 8033, 
5168.23, 8043, 
5168.232, 8056, 
5168.234, 8067, 
5168.236, 8080, 
5168.238, 8093, 
5168.24, 8107, 
5168.242, 8120, 
5168.244, 8135, 
5168.246, 8150, 
5168.248, 8165, 
5168.25, 8181, 
5168.252, 8197, 
5168.254, 8212, 
5168.256, 8229, 
5168.258, 8245, 
5168.26, 8261, 
5168.262, 8278, 
5168.264, 8294, 
5168.266, 8310, 
5168.268, 8326, 
5168.27, 8343, 
5168.272, 8358, 
5168.274, 8374, 
5168.276, 8390, 
5168.278, 8404, 
5168.28, 8420, 
5168.282, 8435, 
5168.284, 8448, 
5168.286, 8462, 
5168.288, 8475, 
5168.29, 8487, 
5168.292, 8499, 
5168.294, 8511, 
5168.296, 8522, 
5168.298, 8532, 
5168.3, 8543, 
5168.302, 8552, 
5168.304, 8562, 
5168.306, 8572, 
5168.308, 8580, 
5168.31, 8590, 
5168.312, 8598, 
5168.314, 8606, 
5168.316, 8614, 
5168.318, 8623, 
5168.32, 8630, 
5168.322, 8637, 
5168.324, 8645, 
5168.326, 8652, 
5168.328, 8658, 
5168.33, 8665, 
5168.332, 8672, 
5168.334, 8678, 
5168.336, 8684, 
5168.338, 8690, 
5168.34, 8695, 
5168.342, 8700, 
5168.344, 8706, 
5168.346, 8710, 
5168.348, 8714, 
5168.35, 8719, 
5168.352, 8724, 
5168.354, 8727, 
5168.356, 8731, 
5168.358, 8735, 
5168.36, 8738, 
5168.362, 8742, 
5168.364, 8746, 
5168.366, 8750, 
5168.368, 8753, 
5168.37, 8757, 
5168.372, 8760, 
5168.374, 8763, 
5168.376, 8766, 
5168.378, 8769, 
5168.38, 8773, 
5168.382, 8775, 
5168.384, 8777, 
5168.386, 8780, 
5168.388, 8781, 
5168.39, 8782, 
5168.392, 8784, 
5168.394, 8786, 
5168.396, 8786, 
5168.398, 8787, 
5168.4, 8788, 
5168.402, 8788, 
5168.404, 8789, 
5168.406, 8789, 
5168.408, 8789, 
5168.41, 8788, 
5168.412, 8788, 
5168.414, 8789, 
5168.416, 8788, 
5168.418, 8787, 
5168.42, 8787, 
5168.422, 8788, 
5168.424, 8787, 
5168.426, 8786, 
5168.428, 8786, 
5168.43, 8787, 
5168.432, 8785, 
5168.434, 8786, 
5168.436, 8786, 
5168.438, 8787, 
5168.44, 8786, 
5168.442, 8786, 
5168.444, 8787, 
5168.446, 8787, 
5168.448, 8788, 
5168.45, 8789, 
5168.452, 8789, 
5168.454, 8789, 
5168.456, 8790, 
5168.458, 8791, 
5168.46, 8791, 
5168.462, 8792, 
5168.464, 8792, 
5168.466, 8793, 
5168.468, 8793, 
5168.47, 8793, 
5168.472, 8794, 
5168.474, 8793, 
5168.476, 8793, 
5168.478, 8792, 
5168.48, 8792, 
5168.482, 8790, 
5168.484, 8789, 
5168.486, 8787, 
5168.488, 8785, 
5168.49, 8782, 
5168.492, 8779, 
5168.494, 8775, 
5168.496, 8772, 
5168.498, 8767, 
5168.5, 8761, 
5168.502, 8755, 
5168.504, 8748, 
5168.506, 8742, 
5168.508, 8733, 
5168.51, 8725, 
5168.512, 8715, 
5168.514, 8706, 
5168.516, 8695, 
5168.518, 8682, 
5168.52, 8668, 
5168.522, 8652, 
5168.524, 8635, 
5168.526, 8617, 
5168.528, 8598, 
5168.53, 8579, 
5168.532, 8557, 
5168.534, 8534, 
5168.536, 8510, 
5168.538, 8485, 
5168.54, 8460, 
5168.542, 8435, 
5168.544, 8409, 
5168.546, 8382, 
5168.548, 8354, 
5168.55, 8324, 
5168.552, 8294, 
5168.554, 8263, 
5168.556, 8230, 
5168.558, 8196, 
5168.56, 8158, 
5168.562, 8118, 
5168.564, 8071, 
5168.566, 8021, 
5168.568, 7968, 
5168.57, 7911, 
5168.572, 7851, 
5168.574, 7789, 
5168.576, 7724, 
5168.578, 7655, 
5168.58, 7583, 
5168.582, 7505, 
5168.584, 7421, 
5168.586, 7332, 
5168.588, 7238, 
5168.59, 7142, 
5168.592, 7042, 
5168.594, 6934, 
5168.596, 6820, 
5168.598, 6700, 
5168.6, 6580, 
5168.602, 6456, 
5168.604, 6333, 
5168.606, 6204, 
5168.608, 6071, 
5168.61, 5935, 
5168.612, 5796, 
5168.614, 5652, 
5168.616, 5515, 
5168.618, 5382, 
5168.62, 5251, 
5168.622, 5115, 
5168.624, 4979, 
5168.626, 4845, 
5168.628, 4711, 
5168.63, 4582, 
5168.632, 4457, 
5168.634, 4333, 
5168.636, 4215, 
5168.638, 4101, 
5168.64, 3997, 
5168.642, 3890, 
5168.644, 3791, 
5168.646, 3705, 
5168.648, 3625, 
5168.65, 3552, 
5168.652, 3485, 
5168.654, 3431, 
5168.656, 3386, 
5168.658, 3351, 
5168.66, 3328, 
5168.662, 3314, 
5168.664, 3308, 
5168.666, 3317, 
5168.668, 3337, 
5168.67, 3367, 
5168.672, 3415, 
5168.674, 3478, 
5168.676, 3553, 
5168.678, 3640, 
5168.68, 3745, 
5168.682, 3863, 
5168.684, 3997, 
5168.686, 4143, 
5168.688, 4294, 
5168.69, 4449, 
5168.692, 4617, 
5168.694, 4792, 
5168.696, 4974, 
5168.698, 5157, 
5168.7, 5335, 
5168.702, 5509, 
5168.704, 5678, 
5168.706, 5851, 
5168.708, 6017, 
5168.71, 6175, 
5168.712, 6330, 
5168.714, 6474, 
5168.716, 6611, 
5168.718, 6740, 
5168.72, 6861, 
5168.722, 6969, 
5168.724, 7063, 
5168.726, 7157, 
5168.728, 7248, 
5168.73, 7331, 
5168.732, 7408, 
5168.734, 7480, 
5168.736, 7544, 
5168.738, 7603, 
5168.74, 7656, 
5168.742, 7704, 
5168.744, 7747, 
5168.746, 7785, 
5168.748, 7818, 
5168.75, 7848, 
5168.752, 7874, 
5168.754, 7896, 
5168.756, 7913, 
5168.758, 7929, 
5168.76, 7946, 
5168.762, 7959, 
5168.764, 7969, 
5168.766, 7978, 
5168.768, 7983, 
5168.77, 7986, 
5168.772, 7986, 
5168.774, 7984, 
5168.776, 7980, 
5168.778, 7972, 
5168.78, 7963, 
5168.782, 7950, 
5168.784, 7937, 
5168.786, 7920, 
5168.788, 7903, 
5168.79, 7885, 
5168.792, 7860, 
5168.794, 7833, 
5168.796, 7801, 
5168.798, 7766, 
5168.8, 7729, 
5168.802, 7686, 
5168.804, 7638, 
5168.806, 7583, 
5168.808, 7524, 
5168.81, 7459, 
5168.812, 7391, 
5168.814, 7316, 
5168.816, 7234, 
5168.818, 7145, 
5168.82, 7049, 
5168.822, 6944, 
5168.824, 6836, 
5168.826, 6711, 
5168.828, 6571, 
5168.83, 6425, 
5168.832, 6271, 
5168.834, 6105, 
5168.836, 5938, 
5168.838, 5768, 
5168.84, 5586, 
5168.842, 5390, 
5168.844, 5190, 
5168.846, 4987, 
5168.848, 4790, 
5168.85, 4585, 
5168.852, 4377, 
5168.854, 4165, 
5168.856, 3952, 
5168.858, 3748, 
5168.86, 3553, 
5168.862, 3362, 
5168.864, 3178, 
5168.866, 3004, 
5168.868, 2836, 
5168.87, 2681, 
5168.872, 2538, 
5168.874, 2407, 
5168.876, 2290, 
5168.878, 2188, 
5168.88, 2097, 
5168.882, 2012, 
5168.884, 1937, 
5168.886, 1870, 
5168.888, 1813, 
5168.89, 1764, 
5168.892, 1725, 
5168.894, 1695, 
5168.896, 1667, 
5168.898, 1643, 
5168.9, 1625, 
5168.902, 1611, 
5168.904, 1603, 
5168.906, 1599, 
5168.908, 1599, 
5168.91, 1602, Fe  b3 
5168.912, 1611, 
5168.914, 1625, 
5168.916, 1642, 
5168.918, 1663, 
5168.92, 1690, 
5168.922, 1721, 
5168.924, 1755, 
5168.926, 1798, 
5168.928, 1849, 
5168.93, 1910, 
5168.932, 1976, 
5168.934, 2047, 
5168.936, 2125, 
5168.938, 2205, 
5168.94, 2289, 
5168.942, 2379, 
5168.944, 2471, 
5168.946, 2563, 
5168.948, 2652, 
5168.95, 2737, 
5168.952, 2813, 
5168.954, 2881, 
5168.956, 2939, 
5168.958, 2991, 
5168.96, 3033, 
5168.962, 3064, 
5168.964, 3083, 
5168.966, 3089, 
5168.968, 3081, 
5168.97, 3066, 
5168.972, 3039, 
5168.974, 2999, 
5168.976, 2950, 
5168.978, 2895, 
5168.98, 2834, 
5168.982, 2770, 
5168.984, 2703, 
5168.986, 2632, 
5168.988, 2556, 
5168.99, 2480, 
5168.992, 2404, 
5168.994, 2330, 
5168.996, 2258, 
5168.998, 2196, 
5169.0, 2195, 
5169.002, 2133, 
5169.004, 2073, 
5169.006, 2019, 
5169.008, 1971, 
5169.01, 1924, 
5169.012, 1884, 
5169.014, 1848, 
5169.016, 1816, 
5169.018, 1785, 
5169.02, 1760, 
5169.022, 1737, 
5169.024, 1715, 
5169.026, 1696, 
5169.028, 1679, 
5169.03, 1666, 
5169.032, 1655, 
5169.034, 1645, 
5169.036, 1637, 
5169.038, 1633, 
5169.04, 1632, 
5169.042, 1632, 
5169.044, 1634, 
5169.046, 1640, 
5169.048, 1647, 
5169.05, 1658, 
5169.052, 1671, 
5169.054, 1685, 
5169.056, 1702, 
5169.058, 1724, 
5169.06, 1747, 
5169.062, 1774, 
5169.064, 1806, 
5169.066, 1840, 
5169.068, 1878, 
5169.07, 1926, 
5169.072, 1978, 
5169.074, 2036, 
5169.076, 2102, 
5169.078, 2174, 
5169.08, 2254, 
5169.082, 2342, 
5169.084, 2436, 
5169.086, 2533, 
5169.088, 2638, 
5169.09, 2754, 
5169.092, 2877, 
5169.094, 3005, 
5169.096, 3140, 
5169.098, 3278, 
5169.1, 3421, 
5169.102, 3559, 
5169.104, 3698, 
5169.106, 3839, 
5169.108, 3981, 
5169.11, 4123, 
5169.112, 4267, 
5169.114, 4406, 
5169.116, 4540, 
5169.118, 4670, 
5169.12, 4798, 
5169.122, 4921, 
5169.124, 5040, 
5169.126, 5159, 
5169.128, 5273, 
5169.13, 5382, 
5169.132, 5486, 
5169.134, 5584, 
5169.136, 5679, 
5169.138, 5769, 
5169.14, 5859, 
5169.142, 5946, 
5169.144, 6032, 
5169.146, 6115, 
5169.148, 6196, 
5169.15, 6274, 
5169.152, 6350, 
5169.154, 6425, 
5169.156, 6494, 
5169.158, 6561, 
5169.16, 6626, 
5169.162, 6691, 
5169.164, 6755, 
5169.166, 6817, 
5169.168, 6876, 
5169.17, 6931, 
5169.172, 6985, 
5169.174, 7037, 
5169.176, 7092, 
5169.178, 7146, 
5169.18, 7199, 
5169.182, 7248, 
5169.184, 7293, 
5169.186, 7337, 
5169.188, 7381, 
5169.19, 7424, 
5169.192, 7468, 
5169.194, 7513, 
5169.196, 7555, 
5169.198, 7594, 
5169.2, 7631, 
5169.202, 7666, 
5169.204, 7699, 
5169.206, 7731, 
5169.208, 7763, 
5169.21, 7794, 
5169.212, 7824, 
5169.214, 7852, 
5169.216, 7880, 
5169.218, 7904, 
5169.22, 7926, 
5169.222, 7946, 
5169.224, 7965, 
5169.226, 7982, 
5169.228, 7997, 
5169.23, 8010, 
5169.232, 8023, 
5169.234, 8034, 
5169.236, 8046, 
5169.238, 8053, 
5169.24, 8055, 
5169.242, 8054, 
5169.244, 8050, 
5169.246, 8042, 
5169.248, 8029, 
5169.25, 8014, 
5169.252, 7999, 
5169.254, 7981, 
5169.256, 7961, 
5169.258, 7938, 
5169.26, 7909, 
5169.262, 7878, 
5169.264, 7842, 
5169.266, 7805, 
5169.268, 7767, 
5169.27, 7726, 
5169.272, 7688, 
5169.274, 7650, 
5169.276, 7613, 
5169.278, 7573, 
5169.28, 7535, 
5169.282, 7499, 
5169.284, 7468, 
5169.286, 7442, 
5169.288, 7422, 
5169.29, 7404, 
5169.292, 7390, 
5169.294, 7380, 
5169.296, 7377, 
5169.298, 7379, 
5169.3, 7386, 
5169.302, 7399, 
5169.304, 7419, 
5169.306, 7447, 
5169.308, 7484, 
5169.31, 7525, 
5169.312, 7569, 
5169.314, 7618, 
5169.316, 7670, 
5169.318, 7726, 
5169.32, 7787, 
5169.322, 7850, 
5169.324, 7913, 
5169.326, 7973, 
5169.328, 8032, 
5169.33, 8090, 
5169.332, 8149, 
5169.334, 8208, 
5169.336, 8268, 
5169.338, 8324, 
5169.34, 8378, 
5169.342, 8429, 
5169.344, 8476, 
5169.346, 8520, 
5169.348, 8562, 
5169.35, 8599, 
5169.352, 8635, 
5169.354, 8669, 
5169.356, 8701, 
5169.358, 8731, 
5169.36, 8759, 
5169.362, 8787, 
5169.364, 8813, 
5169.366, 8837, 
5169.368, 8860, 
5169.37, 8881, 
5169.372, 8901, 
5169.374, 8921, 
5169.376, 8938, 
5169.378, 8954, 
5169.38, 8970, 
5169.382, 8985, 
5169.384, 8998, 
5169.386, 9011, 
5169.388, 9022, 
5169.39, 9031, 
5169.392, 9040, 
5169.394, 9048, 
5169.396, 9055, 
5169.398, 9062, 
5169.4, 9068, 
5169.402, 9074, 
5169.404, 9078, 
5169.406, 9082, 
5169.408, 9086, 
5169.41, 9089, 
5169.412, 9092, 
5169.414, 9094, 
5169.416, 9096, 
5169.418, 9097, 
5169.42, 9098, 
5169.422, 9098, 
5169.424, 9097, 
5169.426, 9096, 
5169.428, 9095, 
5169.43, 9093, 
5169.432, 9091, 
5169.434, 9088, 
5169.436, 9082, 
5169.438, 9076, 
5169.44, 9070, 
5169.442, 9064, 
5169.444, 9058, 
5169.446, 9051, 
5169.448, 9045, 
5169.45, 9037, 
5169.452, 9030, 
5169.454, 9022, 
5169.456, 9014, 
5169.458, 9005, 
5169.46, 8999, 
5169.462, 8993, 
5169.464, 8988, 
5169.466, 8983, 
5169.468, 8979, 
5169.47, 8975, 
5169.472, 8970, 
5169.474, 8967, 
5169.476, 8967, 
5169.478, 8967, 
5169.48, 8968, 
5169.482, 8969, 
5169.484, 8971, 
5169.486, 8977, 
5169.488, 8983, 
5169.49, 8991, 
5169.492, 8998, 
5169.494, 9004, 
5169.496, 9012, 
5169.498, 9019, 
5169.5, 9028, 
5169.502, 9039, 
5169.504, 9050, 
5169.506, 9062, 
5169.508, 9074, 
5169.51, 9087, 
5169.512, 9100, 
5169.514, 9113, 
5169.516, 9126, 
5169.518, 9138, 
5169.52, 9150, 
5169.522, 9162, 
5169.524, 9174, 
5169.526, 9185, 
5169.528, 9196, 
5169.53, 9206, 
5169.532, 9215, 
5169.534, 9224, 
5169.536, 9233, 
5169.538, 9242, 
5169.54, 9250, 
5169.542, 9256, 
5169.544, 9264, 
5169.546, 9271, 
5169.548, 9278, 
5169.55, 9284, 
5169.552, 9291, 
5169.554, 9297, 
5169.556, 9302, 
5169.558, 9307, 
5169.56, 9312, 
5169.562, 9317, 
5169.564, 9321, 
5169.566, 9326, 
5169.568, 9330, 
5169.57, 9334, 
5169.572, 9338, 
5169.574, 9342, 
5169.576, 9345, 
5169.578, 9349, 
5169.58, 9353, 
5169.582, 9356, 
5169.584, 9358, 
5169.586, 9362, 
5169.588, 9365, 
5169.59, 9368, 
5169.592, 9371, 
5169.594, 9374, 
5169.596, 9376, 
5169.598, 9379, 
5169.6, 9381, 
5169.602, 9383, 
5169.604, 9385, 
5169.606, 9387, 
5169.608, 9388, 
5169.61, 9391, 
5169.612, 9393, 
5169.614, 9395, 
5169.616, 9396, 
5169.618, 9398, 
5169.62, 9400, 
5169.622, 9401, 
5169.624, 9403, 
5169.626, 9404, 
5169.628, 9405, 
5169.63, 9406, 
5169.632, 9407, 
5169.634, 9408, 
5169.636, 9409, 
5169.638, 9408, 
5169.64, 9408, 
5169.642, 9408, 
5169.644, 9407, 
5169.646, 9406, 
5169.648, 9405, 
5169.65, 9404, 
5169.652, 9403, 
5169.654, 9402, 
5169.656, 9400, 
5169.658, 9398, 
5169.66, 9397, 
5169.662, 9395, 
5169.664, 9394, 
5169.666, 9392, 
5169.668, 9390, 
5169.67, 9388, 
5169.672, 9386, 
5169.674, 9383, 
5169.676, 9381, 
5169.678, 9379, 
5169.68, 9377, 
5169.682, 9375, 
5169.684, 9373, 
5169.686, 9372, 
5169.688, 9370, 
5169.69, 9369, 
5169.692, 9367, 
5169.694, 9367, 
5169.696, 9367, 
5169.698, 9367, 
5169.7, 9367, 
5169.702, 9368, 
5169.704, 9369, 
5169.706, 9370, 
5169.708, 9372, 
5169.71, 9374, 
5169.712, 9377, 
5169.714, 9381, 
5169.716, 9385, 
5169.718, 9388, 
5169.72, 9392, 
5169.722, 9397, 
5169.724, 9401, 
5169.726, 9405, 
5169.728, 9410, 
5169.73, 9414, 
5169.732, 9418, 
5169.734, 9423, 
5169.736, 9427, 
5169.738, 9432, 
5169.74, 9436, 
5169.742, 9440, 
5169.744, 9443, 
5169.746, 9446, 
5169.748, 9449, 
5169.75, 9453, 
5169.752, 9456, 
5169.754, 9459, 
5169.756, 9462, 
5169.758, 9465, 
5169.76, 9468, 
5169.762, 9471, 
5169.764, 9473, 
5169.766, 9475, 
5169.768, 9477, 
5169.77, 9479, 
5169.772, 9482, 
5169.774, 9483, 
5169.776, 9485, 
5169.778, 9487, 
5169.78, 9488, 
5169.782, 9490, 
5169.784, 9490, 
5169.786, 9491, 
5169.788, 9492, 
5169.79, 9493, 
5169.792, 9494, 
5169.794, 9495, 
5169.796, 9496, 
5169.798, 9497, 
5169.8, 9497, 
5169.802, 9497, 
5169.804, 9498, 
5169.806, 9499, 
5169.808, 9500, 
5169.81, 9501, 
5169.812, 9502, 
5169.814, 9503, 
5169.816, 9503, 
5169.818, 9503, 
5169.82, 9503, 
5169.822, 9504, 
5169.824, 9504, 
5169.826, 9505, 
5169.828, 9504, 
5169.83, 9504, 
5169.832, 9504, 
5169.834, 9504, 
5169.836, 9503, 
5169.838, 9502, 
5169.84, 9502, 
5169.842, 9502, 
5169.844, 9502, 
5169.846, 9502, 
5169.848, 9501, 
5169.85, 9501, 
5169.852, 9500, 
5169.854, 9499, 
5169.856, 9498, 
5169.858, 9497, 
5169.86, 9496, 
5169.862, 9496, 
5169.864, 9495, 
5169.866, 9493, 
5169.868, 9492, 
5169.87, 9491, 
5169.872, 9490, 
5169.874, 9488, 
5169.876, 9487, 
5169.878, 9486, 
5169.88, 9485, 
5169.882, 9484, 
5169.884, 9483, 
5169.886, 9482, 
5169.888, 9481, 
5169.89, 9480, 
5169.892, 9478, 
5169.894, 9478, 
5169.896, 9477, 
5169.898, 9476, 
5169.9, 9475, 
5169.902, 9474, 
5169.904, 9473, 
5169.906, 9472, 
5169.908, 9471, 
5169.91, 9469, 
5169.912, 9468, 
5169.914, 9466, 
5169.916, 9466, 
5169.918, 9465, 
5169.92, 9464, 
5169.922, 9464, 
5169.924, 9463, 
5169.926, 9462, 
5169.928, 9461, 
5169.93, 9461, 
5169.932, 9461, 
5169.934, 9461, 
5169.936, 9461, 
5169.938, 9461, 
5169.94, 9461, 
5169.942, 9462, 
5169.944, 9461, 
5169.946, 9461, 
5169.948, 9461, 
5169.95, 9461, 
5169.952, 9461, 
5169.954, 9460, 
5169.956, 9460, 
5169.958, 9459, 
5169.96, 9459, 
5169.962, 9458, 
5169.964, 9457, 
5169.966, 9457, 
5169.968, 9456, 
5169.97, 9455, 
5169.972, 9454, 
5169.974, 9453, 
5169.976, 9452, 
5169.978, 9451, 
5169.98, 9449, 
5169.982, 9447, 
5169.984, 9445, 
5169.986, 9444, 
5169.988, 9442, 
5169.99, 9441, 
5169.992, 9439, 
5169.994, 9438, 
5169.996, 9436, 
5169.998, 9434, 
5170.0, 9434, 
5170.002, 9433, 
5170.004, 9431, 
5170.006, 9430, 
5170.008, 9429, 
5170.01, 9428, 
5170.012, 9427, 
5170.014, 9426, 
5170.016, 9425, 
5170.018, 9424, 
5170.02, 9423, 
5170.022, 9422, 
5170.024, 9420, 
5170.026, 9418, 
5170.028, 9417, 
5170.03, 9415, 
5170.032, 9414, 
5170.034, 9412, 
5170.036, 9410, 
5170.038, 9408, 
5170.04, 9406, 
5170.042, 9404, 
5170.044, 9402, 
5170.046, 9400, 
5170.048, 9398, 
5170.05, 9397, 
5170.052, 9395, 
5170.054, 9393, 
5170.056, 9391, 
5170.058, 9390, 
5170.06, 9389, 
5170.062, 9387, 
5170.064, 9386, 
5170.066, 9385, 
5170.068, 9383, 
5170.07, 9382, 
5170.072, 9381, 
5170.074, 9380, 
5170.076, 9379, 
5170.078, 9378, 
5170.08, 9377, 
5170.082, 9376, 
5170.084, 9376, 
5170.086, 9375, 
5170.088, 9375, 
5170.09, 9375, 
5170.092, 9375, 
5170.094, 9375, 
5170.096, 9375, 
5170.098, 9375, 
5170.1, 9376, 
5170.102, 9377, 
5170.104, 9378, 
5170.106, 9379, 
5170.108, 9381, 
5170.11, 9382, 
5170.112, 9384, 
5170.114, 9387, 
5170.116, 9389, 
5170.118, 9392, 
5170.12, 9395, 
5170.122, 9398, 
5170.124, 9402, 
5170.126, 9405, 
5170.128, 9408, 
5170.13, 9412, 
5170.132, 9415, 
5170.134, 9419, 
5170.136, 9423, 
5170.138, 9427, 
5170.14, 9430, 
5170.142, 9434, 
5170.144, 9437, 
5170.146, 9440, 
5170.148, 9444, 
5170.15, 9447, 
5170.152, 9450, 
5170.154, 9452, 
5170.156, 9455, 
5170.158, 9457, 
5170.16, 9459, 
5170.162, 9461, 
5170.164, 9464, 
5170.166, 9466, 
5170.168, 9468, 
5170.17, 9470, 
5170.172, 9471, 
5170.174, 9473, 
5170.176, 9474, 
5170.178, 9475, 
5170.18, 9477, 
5170.182, 9477, 
5170.184, 9478, 
5170.186, 9478, 
5170.188, 9478, 
5170.19, 9477, 
5170.192, 9477, 
5170.194, 9477, 
5170.196, 9476, 
5170.198, 9475, 
5170.2, 9474, 
5170.202, 9473, 
5170.204, 9472, 
5170.206, 9470, 
5170.208, 9469, 
5170.21, 9468, 
5170.212, 9467, 
5170.214, 9466, 
5170.216, 9465, 
5170.218, 9463, 
5170.22, 9462, 
5170.222, 9461, 
5170.224, 9460, 
5170.226, 9460, 
5170.228, 9459, 
5170.23, 9458, 
5170.232, 9457, 
5170.234, 9457, 
5170.236, 9457, 
5170.238, 9457, 
5170.24, 9457, 
5170.242, 9457, 
5170.244, 9457, 
5170.246, 9458, 
5170.248, 9458, 
5170.25, 9459, 
5170.252, 9460, 
5170.254, 9461, 
5170.256, 9461, 
5170.258, 9462, 
5170.26, 9464, 
5170.262, 9465, 
5170.264, 9466, 
5170.266, 9467, 
5170.268, 9469, 
5170.27, 9470, 
5170.272, 9471, 
5170.274, 9473, 
5170.276, 9474, 
5170.278, 9475, 
5170.28, 9476, 
5170.282, 9477, 
5170.284, 9478, 
5170.286, 9478, 
5170.288, 9479, 
5170.29, 9479, 
5170.292, 9480, 
5170.294, 9480, 
5170.296, 9480, 
5170.298, 9480, 
5170.3, 9481, 
5170.302, 9481, 
5170.304, 9481, 
5170.306, 9481, 
5170.308, 9481, 
5170.31, 9481, 
5170.312, 9481, 
5170.314, 9481, 
5170.316, 9480, 
5170.318, 9480, 
5170.32, 9479, 
5170.322, 9478, 
5170.324, 9477, 
5170.326, 9477, 
5170.328, 9476, 
5170.33, 9476, 
5170.332, 9475, 
5170.334, 9474, 
5170.336, 9473, 
5170.338, 9473, 
5170.34, 9472, 
5170.342, 9471, 
5170.344, 9470, 
5170.346, 9469, 
5170.348, 9467, 
5170.35, 9466, 
5170.352, 9464, 
5170.354, 9463, 
5170.356, 9460, 
5170.358, 9458, 
5170.36, 9455, 
5170.362, 9453, 
5170.364, 9450, 
5170.366, 9446, 
5170.368, 9443, 
5170.37, 9439, 
5170.372, 9436, 
5170.374, 9431, 
5170.376, 9427, 
5170.378, 9423, 
5170.38, 9418, 
5170.382, 9413, 
5170.384, 9407, 
5170.386, 9402, 
5170.388, 9397, 
5170.39, 9391, 
5170.392, 9385, 
5170.394, 9378, 
5170.396, 9371, 
5170.398, 9364, 
5170.4, 9356, 
5170.402, 9348, 
5170.404, 9341, 
5170.406, 9333, 
5170.408, 9325, 
5170.41, 9316, 
5170.412, 9308, 
5170.414, 9300, 
5170.416, 9292, 
5170.418, 9284, 
5170.42, 9276, 
5170.422, 9269, 
5170.424, 9262, 
5170.426, 9256, 
5170.428, 9249, 
5170.43, 9243, 
5170.432, 9238, 
5170.434, 9233, 
5170.436, 9229, 
5170.438, 9225, 
5170.44, 9221, 
5170.442, 9218, 
5170.444, 9216, 
5170.446, 9215, 
5170.448, 9213, 
5170.45, 9212, 
5170.452, 9212, 
5170.454, 9212, 
5170.456, 9212, 
5170.458, 9212, 
5170.46, 9212, 
5170.462, 9213, 
5170.464, 9213, 
5170.466, 9214, 
5170.468, 9214, 
5170.47, 9215, 
5170.472, 9215, 
5170.474, 9215, 
5170.476, 9214, 
5170.478, 9213, 
5170.48, 9212, 
5170.482, 9211, 
5170.484, 9209, 
5170.486, 9206, 
5170.488, 9204, 
5170.49, 9201, 
5170.492, 9197, 
5170.494, 9194, 
5170.496, 9190, 
5170.498, 9186, 
5170.5, 9181, 
5170.502, 9176, 
5170.504, 9171, 
5170.506, 9166, 
5170.508, 9161, 
5170.51, 9156, 
5170.512, 9150, 
5170.514, 9144, 
5170.516, 9139, 
5170.518, 9133, 
5170.52, 9127, 
5170.522, 9122, 
5170.524, 9116, 
5170.526, 9111, 
5170.528, 9106, 
5170.53, 9101, 
5170.532, 9096, 
5170.534, 9091, 
5170.536, 9086, 
5170.538, 9081, 
5170.54, 9076, 
5170.542, 9071, 
5170.544, 9066, 
5170.546, 9061, 
5170.548, 9055, 
5170.55, 9050, 
5170.552, 9044, 
5170.554, 9039, 
5170.556, 9034, 
5170.558, 9028, 
5170.56, 9023, 
5170.562, 9019, 
5170.564, 9015, 
5170.566, 9011, 
5170.568, 9008, 
5170.57, 9005, 
5170.572, 9002, 
5170.574, 9000, 
5170.576, 8998, 
5170.578, 8997, 
5170.58, 8997, 
5170.582, 8996, 
5170.584, 8996, 
5170.586, 8997, 
5170.588, 8999, 
5170.59, 9002, 
5170.592, 9005, 
5170.594, 9009, 
5170.596, 9013, 
5170.598, 9018, 
5170.6, 9023, 
5170.602, 9029, 
5170.604, 9034, 
5170.606, 9040, 
5170.608, 9046, 
5170.61, 9052, 
5170.612, 9059, 
5170.614, 9066, 
5170.616, 9072, 
5170.618, 9078, 
5170.62, 9083, 
5170.622, 9089, 
5170.624, 9095, 
5170.626, 9101, 
5170.628, 9105, 
5170.63, 9110, 
5170.632, 9114, 
5170.634, 9117, 
5170.636, 9120, 
5170.638, 9122, 
5170.64, 9125, 
5170.642, 9128, 
5170.644, 9130, 
5170.646, 9130, 
5170.648, 9128, 
5170.65, 9125, 
5170.652, 9120, 
5170.654, 9115, 
5170.656, 9108, 
5170.658, 9099, 
5170.66, 9089, 
5170.662, 9078, 
5170.664, 9065, 
5170.666, 9050, 
5170.668, 9035, 
5170.67, 9018, 
5170.672, 8998, 
5170.674, 8975, 
5170.676, 8951, 
5170.678, 8922, 
5170.68, 8891, 
5170.682, 8858, 
5170.684, 8821, 
5170.686, 8781, 
5170.688, 8737, 
5170.69, 8690, 
5170.692, 8639, 
5170.694, 8586, 
5170.696, 8529, 
5170.698, 8465, 
5170.7, 8398, 
5170.702, 8325, 
5170.704, 8247, 
5170.706, 8165, 
5170.708, 8079, 
5170.71, 7990, 
5170.712, 7898, 
5170.714, 7804, 
5170.716, 7707, 
5170.718, 7609, 
5170.72, 7508, 
5170.722, 7404, 
5170.724, 7302, 
5170.726, 7198, 
5170.728, 7092, 
5170.73, 6982, 
5170.732, 6872, 
5170.734, 6760, 
5170.736, 6652, 
5170.738, 6549, 
5170.74, 6452, 
5170.742, 6362, 
5170.744, 6275, 
5170.746, 6194, 
5170.748, 6121, 
5170.75, 6056, 
5170.752, 5998, 
5170.754, 5950, 
5170.756, 5911, 
5170.758, 5880, 
5170.76, 5861, 
5170.762, 5855, 
5170.764, 5858, 
5170.766, 5874, 
5170.768, 5902, 
5170.77, 5939, 
5170.772, 5987, 
5170.774, 6046, 
5170.776, 6114, 
5170.778, 6191, 
5170.78, 6277, 
5170.782, 6370, 
5170.784, 6468, 
5170.786, 6568, 
5170.788, 6670, 
5170.79, 6773, 
5170.792, 6880, 
5170.794, 6990, 
5170.796, 7103, 
5170.798, 7212, 
5170.8, 7314, 
5170.802, 7416, 
5170.804, 7517, 
5170.806, 7617, 
5170.808, 7715, 
5170.81, 7808, 
5170.812, 7894, 
5170.814, 7976, 
5170.816, 8055, 
5170.818, 8126, 
5170.82, 8193, 
5170.822, 8256, 
5170.824, 8316, 
5170.826, 8375, 
5170.828, 8431, 
5170.83, 8483, 
5170.832, 8530, 
5170.834, 8573, 
5170.836, 8613, 
5170.838, 8649, 
5170.84, 8685, 
5170.842, 8718, 
5170.844, 8749, 
5170.846, 8778, 
5170.848, 8803, 
5170.85, 8826, 
5170.852, 8848, 
5170.854, 8867, 
5170.856, 8886, 
5170.858, 8903, 
5170.86, 8920, 
5170.862, 8935, 
5170.864, 8948, 
5170.866, 8961, 
5170.868, 8973, 
5170.87, 8984, 
5170.872, 8994, 
5170.874, 9002, 
5170.876, 9008, 
5170.878, 9015, 
5170.88, 9022, 
5170.882, 9027, 
5170.884, 9032, 
5170.886, 9036, 
5170.888, 9039, 
5170.89, 9041, 
5170.892, 9042, 
5170.894, 9043, 
5170.896, 9044, 
5170.898, 9043, 
5170.9, 9042, 
5170.902, 9040, 
5170.904, 9038, 
5170.906, 9036, 
5170.908, 9034, 
5170.91, 9032, 
5170.912, 9029, 
5170.914, 9026, 
5170.916, 9023, 
5170.918, 9020, 
5170.92, 9017, 
5170.922, 9014, 
5170.924, 9011, 
5170.926, 9008, 
5170.928, 9005, 
5170.93, 9002, 
5170.932, 8999, 
5170.934, 8996, 
5170.936, 8993, 
5170.938, 8990, 
5170.94, 8987, 
5170.942, 8983, 
5170.944, 8980, 
5170.946, 8976, 
5170.948, 8972, 
5170.95, 8968, 
5170.952, 8964, 
5170.954, 8960, 
5170.956, 8955, 
5170.958, 8949, 
5170.96, 8943, 
5170.962, 8937, 
5170.964, 8931, 
5170.966, 8924, 
5170.968, 8916, 
5170.97, 8909, 
5170.972, 8901, 
5170.974, 8892, 
5170.976, 8883, 
5170.978, 8873, 
5170.98, 8863, 
5170.982, 8853, 
5170.984, 8842, 
5170.986, 8832, 
5170.988, 8821, 
5170.99, 8810, 
5170.992, 8800, 
5170.994, 8790, 
5170.996, 8779, 
5170.998, 8770, 
5171.0, 8760, 
5171.002, 8750, 
5171.004, 8741, 
5171.006, 8733, 
5171.008, 8726, 
5171.01, 8719, 
5171.012, 8712, 
5171.014, 8706, 
5171.016, 8703, 
5171.018, 8701, 
5171.02, 8699, 
5171.022, 8698, 
5171.024, 8700, 
5171.026, 8702, 
5171.028, 8706, 
5171.03, 8710, 
5171.032, 8715, 
5171.034, 8721, 
5171.036, 8727, 
5171.038, 8735, 
5171.04, 8743, 
5171.042, 8752, 
5171.044, 8761, 
5171.046, 8770, 
5171.048, 8778, 
5171.05, 8787, 
5171.052, 8795, 
5171.054, 8803, 
5171.056, 8812, 
5171.058, 8820, 
5171.06, 8829, 
5171.062, 8836, 
5171.064, 8843, 
5171.066, 8850, 
5171.068, 8857, 
5171.07, 8864, 
5171.072, 8871, 
5171.074, 8877, 
5171.076, 8882, 
5171.078, 8887, 
5171.08, 8892, 
5171.082, 8897, 
5171.084, 8901, 
5171.086, 8905, 
5171.088, 8909, 
5171.09, 8912, 
5171.092, 8915, 
5171.094, 8918, 
5171.096, 8921, 
5171.098, 8923, 
5171.1, 8926, 
5171.102, 8928, 
5171.104, 8930, 
5171.106, 8931, 
5171.108, 8932, 
5171.11, 8934, 
5171.112, 8935, 
5171.114, 8936, 
5171.116, 8937, 
5171.118, 8938, 
5171.12, 8939, 
5171.122, 8939, 
5171.124, 8940, 
5171.126, 8940, 
5171.128, 8940, 
5171.13, 8940, 
5171.132, 8939, 
5171.134, 8937, 
5171.136, 8936, 
5171.138, 8935, 
5171.14, 8934, 
5171.142, 8932, 
5171.144, 8931, 
5171.146, 8929, 
5171.148, 8926, 
5171.15, 8923, 
5171.152, 8921, 
5171.154, 8918, 
5171.156, 8915, 
5171.158, 8913, 
5171.16, 8910, 
5171.162, 8907, 
5171.164, 8905, 
5171.166, 8902, 
5171.168, 8899, 
5171.17, 8896, 
5171.172, 8894, 
5171.174, 8891, 
5171.176, 8889, 
5171.178, 8886, 
5171.18, 8883, 
5171.182, 8880, 
5171.184, 8878, 
5171.186, 8875, 
5171.188, 8872, 
5171.19, 8869, 
5171.192, 8867, 
5171.194, 8864, 
5171.196, 8861, 
5171.198, 8858, 
5171.2, 8854, 
5171.202, 8852, 
5171.204, 8849, 
5171.206, 8845, 
5171.208, 8842, 
5171.21, 8839, 
5171.212, 8836, 
5171.214, 8832, 
5171.216, 8829, 
5171.218, 8825, 
5171.22, 8821, 
5171.222, 8817, 
5171.224, 8813, 
5171.226, 8809, 
5171.228, 8805, 
5171.23, 8802, 
5171.232, 8798, 
5171.234, 8794, 
5171.236, 8790, 
5171.238, 8786, 
5171.24, 8783, 
5171.242, 8779, 
5171.244, 8775, 
5171.246, 8771, 
5171.248, 8767, 
5171.25, 8762, 
5171.252, 8758, 
5171.254, 8754, 
5171.256, 8749, 
5171.258, 8745, 
5171.26, 8741, 
5171.262, 8736, 
5171.264, 8731, 
5171.266, 8726, 
5171.268, 8722, 
5171.27, 8717, 
5171.272, 8713, 
5171.274, 8708, 
5171.276, 8703, 
5171.278, 8697, 
5171.28, 8692, 
5171.282, 8688, 
5171.284, 8683, 
5171.286, 8678, 
5171.288, 8673, 
5171.29, 8667, 
5171.292, 8662, 
5171.294, 8657, 
5171.296, 8652, 
5171.298, 8647, 
5171.3, 8642, 
5171.302, 8636, 
5171.304, 8631, 
5171.306, 8625, 
5171.308, 8619, 
5171.31, 8613, 
5171.312, 8608, 
5171.314, 8602, 
5171.316, 8595, 
5171.318, 8589, 
5171.32, 8583, 
5171.322, 8576, 
5171.324, 8570, 
5171.326, 8563, 
5171.328, 8557, 
5171.33, 8550, 
5171.332, 8543, 
5171.334, 8536, 
5171.336, 8528, 
5171.338, 8521, 
5171.34, 8513, 
5171.342, 8505, 
5171.344, 8497, 
5171.346, 8489, 
5171.348, 8481, 
5171.35, 8473, 
5171.352, 8465, 
5171.354, 8457, 
5171.356, 8449, 
5171.358, 8440, 
5171.36, 8432, 
5171.362, 8423, 
5171.364, 8415, 
5171.366, 8406, 
5171.368, 8397, 
5171.37, 8388, 
5171.372, 8379, 
5171.374, 8370, 
5171.376, 8361, 
5171.378, 8352, 
5171.38, 8342, 
5171.382, 8331, 
5171.384, 8320, 
5171.386, 8309, 
5171.388, 8298, 
5171.39, 8286, 
5171.392, 8275, 
5171.394, 8263, 
5171.396, 8250, 
5171.398, 8237, 
5171.4, 8224, 
5171.402, 8210, 
5171.404, 8197, 
5171.406, 8183, 
5171.408, 8168, 
5171.41, 8153, 
5171.412, 8137, 
5171.414, 8121, 
5171.416, 8104, 
5171.418, 8087, 
5171.42, 8070, 
5171.422, 8052, 
5171.424, 8033, 
5171.426, 8015, 
5171.428, 7996, 
5171.43, 7977, 
5171.432, 7957, 
5171.434, 7937, 
5171.436, 7916, 
5171.438, 7894, 
5171.44, 7872, 
5171.442, 7848, 
5171.444, 7824, 
5171.446, 7799, 
5171.448, 7773, 
5171.45, 7744, 
5171.452, 7714, 
5171.454, 7682, 
5171.456, 7648, 
5171.458, 7613, 
5171.46, 7577, 
5171.462, 7540, 
5171.464, 7502, 
5171.466, 7463, 
5171.468, 7424, 
5171.47, 7383, 
5171.472, 7340, 
5171.474, 7294, 
5171.476, 7243, 
5171.478, 7190, 
5171.48, 7134, 
5171.482, 7075, 
5171.484, 7012, 
5171.486, 6947, 
5171.488, 6879, 
5171.49, 6808, 
5171.492, 6735, 
5171.494, 6658, 
5171.496, 6576, 
5171.498, 6490, 
5171.5, 6398, 
5171.502, 6302, 
5171.504, 6203, 
5171.506, 6103, 
5171.508, 5995, 
5171.51, 5877, 
5171.512, 5758, 
5171.514, 5637, 
5171.516, 5510, 
5171.518, 5377, 
5171.52, 5240, 
5171.522, 5098, 
5171.524, 4952, 
5171.526, 4804, 
5171.528, 4653, 
5171.53, 4499, 
5171.532, 4339, 
5171.534, 4175, 
5171.536, 4012, 
5171.538, 3847, 
5171.54, 3683, 
5171.542, 3521, 
5171.544, 3360, 
5171.546, 3203, 
5171.548, 3051, 
5171.55, 2905, 
5171.552, 2762, 
5171.554, 2623, 
5171.556, 2491, 
5171.558, 2367, 
5171.56, 2253, 
5171.562, 2150, 
5171.564, 2054, 
5171.566, 1966, 
5171.568, 1887, 
5171.57, 1815, 
5171.572, 1750, 
5171.574, 1692, 
5171.576, 1639, 
5171.578, 1596, 
5171.58, 1559, 
5171.582, 1526, 
5171.584, 1497, 
5171.586, 1472, 
5171.588, 1450, 
5171.59, 1431, 
5171.592, 1416, 
5171.594, 1404, 
5171.596, 1395, 
5171.598, 1390, 
5171.6, 1387, 
5171.602, 1387, 
5171.604, 1391, 
5171.606, 1398, 
5171.608, 1407, 
5171.61, 1419, 
5171.612, 1436, 
5171.614, 1455, 
5171.616, 1477, 
5171.618, 1502, 
5171.62, 1532, 
5171.622, 1565, 
5171.624, 1603, 
5171.626, 1649, 
5171.628, 1700, 
5171.63, 1758, 
5171.632, 1822, 
5171.634, 1891, 
5171.636, 1968, 
5171.638, 2050, 
5171.64, 2136, 
5171.642, 2225, 
5171.644, 2317, 
5171.646, 2411, 
5171.648, 2508, 
5171.65, 2606, 
5171.652, 2704, 
5171.654, 2802, 
5171.656, 2901, 
5171.658, 2999, 
5171.66, 3096, 
5171.662, 3192, 
5171.664, 3287, 
5171.666, 3380, 
5171.668, 3473, 
5171.67, 3567, 
5171.672, 3663, 
5171.674, 3761, 
5171.676, 3863, 
5171.678, 3969, 
5171.68, 4079, 
5171.682, 4189, 
5171.684, 4300, 
5171.686, 4416, 
5171.688, 4537, 
5171.69, 4661, 
5171.692, 4786, 
5171.694, 4913, 
5171.696, 5042, 
5171.698, 5167, 
5171.7, 5290, 
5171.702, 5413, 
5171.704, 5535, 
5171.706, 5653, 
5171.708, 5767, 
5171.71, 5874, 
5171.712, 5973, 
5171.714, 6068, 
5171.716, 6157, 
5171.718, 6240, 
5171.72, 6318, 
5171.722, 6393, 
5171.724, 6465, 
5171.726, 6532, 
5171.728, 6595, 
5171.73, 6654, 
5171.732, 6708, 
5171.734, 6758, 
5171.736, 6803, 
5171.738, 6843, 
5171.74, 6880, 
5171.742, 6915, 
5171.744, 6948, 
5171.746, 6979, 
5171.748, 7008, 
5171.75, 7034, 
5171.752, 7058, 
5171.754, 7080, 
5171.756, 7101, 
5171.758, 7122, 
5171.76, 7141, 
5171.762, 7158, 
5171.764, 7174, 
5171.766, 7189, 
5171.768, 7202, 
5171.77, 7214, 
5171.772, 7225, 
5171.774, 7234, 
5171.776, 7243, 
5171.778, 7252, 
5171.78, 7261, 
5171.782, 7269, 
5171.784, 7276, 
5171.786, 7282, 
5171.788, 7287, 
5171.79, 7291, 
5171.792, 7295, 
5171.794, 7299, 
5171.796, 7302, 
5171.798, 7305, 
5171.8, 7307, 
5171.802, 7309, 
5171.804, 7310, 
5171.806, 7310, 
5171.808, 7310, 
5171.81, 7309, 
5171.812, 7308, 
5171.814, 7306, 
5171.816, 7304, 
5171.818, 7301, 
5171.82, 7298, 
5171.822, 7295, 
5171.824, 7291, 
5171.826, 7286, 
5171.828, 7282, 
5171.83, 7277, 
5171.832, 7272, 
5171.834, 7267, 
5171.836, 7261, 
5171.838, 7256, 
5171.84, 7250, 
5171.842, 7245, 
5171.844, 7239, 
5171.846, 7233, 
5171.848, 7227, 
5171.85, 7221, 
5171.852, 7214, 
5171.854, 7208, 
5171.856, 7201, 
5171.858, 7195, 
5171.86, 7188, 
5171.862, 7181, 
5171.864, 7174, 
5171.866, 7167, 
5171.868, 7160, 
5171.87, 7154, 
5171.872, 7147, 
5171.874, 7141, 
5171.876, 7134, 
5171.878, 7128, 
5171.88, 7121, 
5171.882, 7115, 
5171.884, 7108, 
5171.886, 7102, 
5171.888, 7096, 
5171.89, 7090, 
5171.892, 7083, 
5171.894, 7076, 
5171.896, 7070, 
5171.898, 7064, 
5171.9, 7057, 
5171.902, 7050, 
5171.904, 7044, 
5171.906, 7037, 
5171.908, 7030, 
5171.91, 7023, 
5171.912, 7017, 
5171.914, 7010, 
5171.916, 7003, 
5171.918, 6996, 
5171.92, 6989, 
5171.922, 6982, 
5171.924, 6975, 
5171.926, 6968, 
5171.928, 6960, 
5171.93, 6953, 
5171.932, 6945, 
5171.934, 6938, 
5171.936, 6930, 
5171.938, 6922, 
5171.94, 6914, 
5171.942, 6906, 
5171.944, 6898, 
5171.946, 6890, 
5171.948, 6882, 
5171.95, 6875, 
5171.952, 6867, 
5171.954, 6859, 
5171.956, 6851, 
5171.958, 6843, 
5171.96, 6835, 
5171.962, 6827, 
5171.964, 6819, 
5171.966, 6810, 
5171.968, 6801, 
5171.97, 6792, 
5171.972, 6783, 
5171.974, 6774, 
5171.976, 6765, 
5171.978, 6755, 
5171.98, 6744, 
5171.982, 6734, 
5171.984, 6723, 
5171.986, 6713, 
5171.988, 6703, 
5171.99, 6692, 
5171.992, 6682, 
5171.994, 6672, 
5171.996, 6661, 
5171.998, 6651, 
5172.0, 6641, 
5172.002, 6631, 
5172.004, 6621, 
5172.006, 6611, 
5172.008, 6600, 
5172.01, 6588, 
5172.012, 6576, 
5172.014, 6564, 
5172.016, 6551, 
5172.018, 6539, 
5172.02, 6526, 
5172.022, 6513, 
5172.024, 6501, 
5172.026, 6488, 
5172.028, 6476, 
5172.03, 6464, 
5172.032, 6452, 
5172.034, 6440, 
5172.036, 6428, 
5172.038, 6416, 
5172.04, 6403, 
5172.042, 6391, 
5172.044, 6378, 
5172.046, 6365, 
5172.048, 6352, 
5172.05, 6338, 
5172.052, 6324, 
5172.054, 6310, 
5172.056, 6296, 
5172.058, 6281, 
5172.06, 6267, 
5172.062, 6252, 
5172.064, 6237, 
5172.066, 6223, 
5172.068, 6208, 
5172.07, 6194, 
5172.072, 6181, 
5172.074, 6166, 
5172.076, 6151, 
5172.078, 6137, 
5172.08, 6123, 
5172.082, 6109, 
5172.084, 6094, 
5172.086, 6080, 
5172.088, 6067, 
5172.09, 6053, 
5172.092, 6039, 
5172.094, 6026, 
5172.096, 6012, 
5172.098, 6000, 
5172.1, 5987, 
5172.102, 5974, 
5172.104, 5961, 
5172.106, 5948, 
5172.108, 5935, 
5172.11, 5922, 
5172.112, 5909, 
5172.114, 5896, 
5172.116, 5883, 
5172.118, 5870, 
5172.12, 5857, 
5172.122, 5843, 
5172.124, 5828, 
5172.126, 5814, 
5172.128, 5800, 
5172.13, 5785, 
5172.132, 5771, 
5172.134, 5756, 
5172.136, 5741, 
5172.138, 5726, 
5172.14, 5710, 
5172.142, 5693, 
5172.144, 5676, 
5172.146, 5659, 
5172.148, 5642, 
5172.15, 5623, 
5172.152, 5604, 
5172.154, 5584, 
5172.156, 5565, 
5172.158, 5545, 
5172.16, 5523, 
5172.162, 5501, 
5172.164, 5479, 
5172.166, 5457, 
5172.168, 5433, 
5172.17, 5410, 
5172.172, 5386, 
5172.174, 5362, 
5172.176, 5338, 
5172.178, 5313, 
5172.18, 5289, 
5172.182, 5266, 
5172.184, 5243, 
5172.186, 5221, 
5172.188, 5199, 
5172.19, 5177, 
5172.192, 5158, 
5172.194, 5140, 
5172.196, 5122, 
5172.198, 5105, 
5172.2, 5089, 
5172.202, 5075, 
5172.204, 5062, 
5172.206, 5048, 
5172.208, 5036, 
5172.21, 5025, 
5172.212, 5014, 
5172.214, 5004, 
5172.216, 4994, 
5172.218, 4984, 
5172.22, 4975, 
5172.222, 4967, 
5172.224, 4958, 
5172.226, 4949, 
5172.228, 4940, 
5172.23, 4931, 
5172.232, 4923, 
5172.234, 4915, 
5172.236, 4906, 
5172.238, 4896, 
5172.24, 4887, 
5172.242, 4878, 
5172.244, 4867, 
5172.246, 4856, 
5172.248, 4845, 
5172.25, 4833, 
5172.252, 4820, 
5172.254, 4808, 
5172.256, 4795, 
5172.258, 4781, 
5172.26, 4767, 
5172.262, 4752, 
5172.264, 4737, 
5172.266, 4723, 
5172.268, 4708, 
5172.27, 4694, 
5172.272, 4679, 
5172.274, 4664, 
5172.276, 4649, 
5172.278, 4633, 
5172.28, 4618, 
5172.282, 4602, 
5172.284, 4586, 
5172.286, 4570, 
5172.288, 4555, 
5172.29, 4540, 
5172.292, 4524, 
5172.294, 4509, 
5172.296, 4494, 
5172.298, 4479, 
5172.3, 4464, 
5172.302, 4449, 
5172.304, 4434, 
5172.306, 4420, 
5172.308, 4405, 
5172.31, 4390, 
5172.312, 4376, 
5172.314, 4362, 
5172.316, 4347, 
5172.318, 4333, 
5172.32, 4319, 
5172.322, 4304, 
5172.324, 4289, 
5172.326, 4275, 
5172.328, 4261, 
5172.33, 4246, 
5172.332, 4232, 
5172.334, 4218, 
5172.336, 4204, 
5172.338, 4190, 
5172.34, 4176, 
5172.342, 4162, 
5172.344, 4148, 
5172.346, 4134, 
5172.348, 4120, 
5172.35, 4107, 
5172.352, 4092, 
5172.354, 4077, 
5172.356, 4062, 
5172.358, 4047, 
5172.36, 4032, 
5172.362, 4016, 
5172.364, 4001, 
5172.366, 3986, 
5172.368, 3971, 
5172.37, 3955, 
5172.372, 3940, 
5172.374, 3925, 
5172.376, 3911, 
5172.378, 3897, 
5172.38, 3883, 
5172.382, 3869, 
5172.384, 3855, 
5172.386, 3841, 
5172.388, 3827, 
5172.39, 3814, 
5172.392, 3800, 
5172.394, 3786, 
5172.396, 3771, 
5172.398, 3757, 
5172.4, 3743, 
5172.402, 3729, 
5172.404, 3714, 
5172.406, 3700, 
5172.408, 3687, 
5172.41, 3672, 
5172.412, 3658, 
5172.414, 3644, 
5172.416, 3631, 
5172.418, 3618, 
5172.42, 3605, 
5172.422, 3591, 
5172.424, 3578, 
5172.426, 3565, 
5172.428, 3552, 
5172.43, 3538, 
5172.432, 3525, 
5172.434, 3512, 
5172.436, 3499, 
5172.438, 3485, 
5172.44, 3471, 
5172.442, 3458, 
5172.444, 3444, 
5172.446, 3430, 
5172.448, 3416, 
5172.45, 3402, 
5172.452, 3389, 
5172.454, 3376, 
5172.456, 3363, 
5172.458, 3350, 
5172.46, 3337, 
5172.462, 3324, 
5172.464, 3311, 
5172.466, 3298, 
5172.468, 3285, 
5172.47, 3272, 
5172.472, 3259, 
5172.474, 3245, 
5172.476, 3231, 
5172.478, 3217, 
5172.48, 3203, 
5172.482, 3190, 
5172.484, 3176, 
5172.486, 3163, 
5172.488, 3150, 
5172.49, 3136, 
5172.492, 3124, 
5172.494, 3111, 
5172.496, 3098, 
5172.498, 3086, 
5172.5, 3073, 
5172.502, 3060, 
5172.504, 3048, 
5172.506, 3035, 
5172.508, 3021, 
5172.51, 3008, 
5172.512, 2995, 
5172.514, 2982, 
5172.516, 2968, 
5172.518, 2955, 
5172.52, 2941, 
5172.522, 2927, 
5172.524, 2913, 
5172.526, 2900, 
5172.528, 2886, 
5172.53, 2872, 
5172.532, 2858, 
5172.534, 2844, 
5172.536, 2829, 
5172.538, 2814, 
5172.54, 2799, 
5172.542, 2784, 
5172.544, 2768, 
5172.546, 2751, 
5172.548, 2734, 
5172.55, 2717, 
5172.552, 2699, 
5172.554, 2681, 
5172.556, 2662, 
5172.558, 2643, 
5172.56, 2624, 
5172.562, 2605, 
5172.564, 2584, 
5172.566, 2564, 
5172.568, 2543, 
5172.57, 2521, 
5172.572, 2498, 
5172.574, 2475, 
5172.576, 2450, 
5172.578, 2425, 
5172.58, 2399, 
5172.582, 2371, 
5172.584, 2341, 
5172.586, 2310, 
5172.588, 2277, 
5172.59, 2241, 
5172.592, 2203, 
5172.594, 2164, 
5172.596, 2123, 
5172.598, 2080, 
5172.6, 2036, 
5172.602, 1991, 
5172.604, 1944, 
5172.606, 1897, 
5172.608, 1848, 
5172.61, 1800, 
5172.612, 1752, 
5172.614, 1704, 
5172.616, 1655, 
5172.618, 1606, 
5172.62, 1556, 
5172.622, 1506, 
5172.624, 1457, 
5172.626, 1409, 
5172.628, 1362, 
5172.63, 1318, 
5172.632, 1274, 
5172.634, 1231, 
5172.636, 1189, 
5172.638, 1149, 
5172.64, 1111, 
5172.642, 1075, 
5172.644, 1039, 
5172.646, 1005, 
5172.648, 973, 
5172.65, 942, 
5172.652, 913, 
5172.654, 886, 
5172.656, 862, 
5172.658, 839, 
5172.66, 818, 
5172.662, 798, 
5172.664, 780, 
5172.666, 763, 
5172.668, 747, 
5172.67, 733, 
5172.672, 721, 
5172.674, 710, 
5172.676, 700, 
5172.678, 691, 
5172.68, 684, 
5172.682, 678, 
5172.684, 673, 
5172.686, 669, 
5172.688, 667, 
5172.69, 665, 
5172.692, 665, 
5172.694, 666, 
5172.696, 668, 
5172.698, 671, 
5172.7, 675, Mg  b2 
5172.702, 680, 
5172.704, 687, 
5172.706, 695, 
5172.708, 705, 
5172.71, 715, 
5172.712, 726, 
5172.714, 739, 
5172.716, 754, 
5172.718, 770, 
5172.72, 788, 
5172.722, 808, 
5172.724, 828, 
5172.726, 850, 
5172.728, 874, 
5172.73, 899, 
5172.732, 927, 
5172.734, 956, 
5172.736, 988, 
5172.738, 1022, 
5172.74, 1058, 
5172.742, 1094, 
5172.744, 1132, 
5172.746, 1172, 
5172.748, 1214, 
5172.75, 1259, 
5172.752, 1304, 
5172.754, 1350, 
5172.756, 1398, 
5172.758, 1447, 
5172.76, 1498, 
5172.762, 1550, 
5172.764, 1602, 
5172.766, 1653, 
5172.768, 1704, 
5172.77, 1755, 
5172.772, 1806, 
5172.774, 1856, 
5172.776, 1905, 
5172.778, 1953, 
5172.78, 2001, 
5172.782, 2047, 
5172.784, 2091, 
5172.786, 2131, 
5172.788, 2168, 
5172.79, 2205, 
5172.792, 2241, 
5172.794, 2275, 
5172.796, 2308, 
5172.798, 2339, 
5172.8, 2368, 
5172.802, 2396, 
5172.804, 2422, 
5172.806, 2447, 
5172.808, 2471, 
5172.81, 2494, 
5172.812, 2516, 
5172.814, 2537, 
5172.816, 2557, 
5172.818, 2578, 
5172.82, 2598, 
5172.822, 2617, 
5172.824, 2636, 
5172.826, 2654, 
5172.828, 2672, 
5172.83, 2690, 
5172.832, 2707, 
5172.834, 2723, 
5172.836, 2740, 
5172.838, 2756, 
5172.84, 2772, 
5172.842, 2788, 
5172.844, 2803, 
5172.846, 2818, 
5172.848, 2833, 
5172.85, 2847, 
5172.852, 2862, 
5172.854, 2876, 
5172.856, 2891, 
5172.858, 2906, 
5172.86, 2920, 
5172.862, 2936, 
5172.864, 2951, 
5172.866, 2965, 
5172.868, 2980, 
5172.87, 2995, 
5172.872, 3009, 
5172.874, 3023, 
5172.876, 3038, 
5172.878, 3051, 
5172.88, 3065, 
5172.882, 3079, 
5172.884, 3094, 
5172.886, 3108, 
5172.888, 3122, 
5172.89, 3137, 
5172.892, 3151, 
5172.894, 3166, 
5172.896, 3180, 
5172.898, 3194, 
5172.9, 3209, 
5172.902, 3223, 
5172.904, 3238, 
5172.906, 3253, 
5172.908, 3267, 
5172.91, 3282, 
5172.912, 3296, 
5172.914, 3310, 
5172.916, 3325, 
5172.918, 3339, 
5172.92, 3354, 
5172.922, 3368, 
5172.924, 3383, 
5172.926, 3398, 
5172.928, 3412, 
5172.93, 3426, 
5172.932, 3441, 
5172.934, 3456, 
5172.936, 3471, 
5172.938, 3486, 
5172.94, 3502, 
5172.942, 3517, 
5172.944, 3533, 
5172.946, 3548, 
5172.948, 3563, 
5172.95, 3578, 
5172.952, 3593, 
5172.954, 3608, 
5172.956, 3623, 
5172.958, 3637, 
5172.96, 3652, 
5172.962, 3667, 
5172.964, 3682, 
5172.966, 3697, 
5172.968, 3712, 
5172.97, 3727, 
5172.972, 3742, 
5172.974, 3758, 
5172.976, 3774, 
5172.978, 3789, 
5172.98, 3805, 
5172.982, 3822, 
5172.984, 3837, 
5172.986, 3853, 
5172.988, 3869, 
5172.99, 3884, 
5172.992, 3899, 
5172.994, 3915, 
5172.996, 3931, 
5172.998, 3946, 
5173.0, 3962, 
5173.002, 3978, 
5173.004, 3994, 
5173.006, 4011, 
5173.008, 4027, 
5173.01, 4043, 
5173.012, 4060, 
5173.014, 4076, 
5173.016, 4093, 
5173.018, 4109, 
5173.02, 4125, 
5173.022, 4142, 
5173.024, 4158, 
5173.026, 4174, 
5173.028, 4189, 
5173.03, 4205, 
5173.032, 4220, 
5173.034, 4235, 
5173.036, 4251, 
5173.038, 4268, 
5173.04, 4284, 
5173.042, 4300, 
5173.044, 4316, 
5173.046, 4333, 
5173.048, 4351, 
5173.05, 4368, 
5173.052, 4385, 
5173.054, 4402, 
5173.056, 4419, 
5173.058, 4436, 
5173.06, 4453, 
5173.062, 4470, 
5173.064, 4486, 
5173.066, 4502, 
5173.068, 4518, 
5173.07, 4534, 
5173.072, 4550, 
5173.074, 4566, 
5173.076, 4582, 
5173.078, 4599, 
5173.08, 4615, 
5173.082, 4632, 
5173.084, 4649, 
5173.086, 4666, 
5173.088, 4683, 
5173.09, 4700, 
5173.092, 4717, 
5173.094, 4733, 
5173.096, 4749, 
5173.098, 4766, 
5173.1, 4781, 
5173.102, 4797, 
5173.104, 4812, 
5173.106, 4827, 
5173.108, 4843, 
5173.11, 4858, 
5173.112, 4874, 
5173.114, 4890, 
5173.116, 4906, 
5173.118, 4922, 
5173.12, 4939, 
5173.122, 4956, 
5173.124, 4973, 
5173.126, 4990, 
5173.128, 5007, 
5173.13, 5024, 
5173.132, 5040, 
5173.134, 5057, 
5173.136, 5073, 
5173.138, 5090, 
5173.14, 5106, 
5173.142, 5122, 
5173.144, 5139, 
5173.146, 5155, 
5173.148, 5171, 
5173.15, 5187, 
5173.152, 5204, 
5173.154, 5220, 
5173.156, 5236, 
5173.158, 5253, 
5173.16, 5269, 
5173.162, 5286, 
5173.164, 5303, 
5173.166, 5320, 
5173.168, 5336, 
5173.17, 5353, 
5173.172, 5369, 
5173.174, 5385, 
5173.176, 5401, 
5173.178, 5417, 
5173.18, 5432, 
5173.182, 5448, 
5173.184, 5463, 
5173.186, 5479, 
5173.188, 5495, 
5173.19, 5511, 
5173.192, 5527, 
5173.194, 5543, 
5173.196, 5559, 
5173.198, 5575, 
5173.2, 5591, 
5173.202, 5606, 
5173.204, 5621, 
5173.206, 5637, 
5173.208, 5652, 
5173.21, 5667, 
5173.212, 5681, 
5173.214, 5695, 
5173.216, 5709, 
5173.218, 5724, 
5173.22, 5737, 
5173.222, 5750, 
5173.224, 5763, 
5173.226, 5776, 
5173.228, 5789, 
5173.23, 5801, 
5173.232, 5813, 
5173.234, 5825, 
5173.236, 5837, 
5173.238, 5848, 
5173.24, 5859, 
5173.242, 5870, 
5173.244, 5881, 
5173.246, 5891, 
5173.248, 5901, 
5173.25, 5911, 
5173.252, 5920, 
5173.254, 5929, 
5173.256, 5939, 
5173.258, 5948, 
5173.26, 5957, 
5173.262, 5965, 
5173.264, 5973, 
5173.266, 5981, 
5173.268, 5990, 
5173.27, 5999, 
5173.272, 6008, 
5173.274, 6017, 
5173.276, 6026, 
5173.278, 6035, 
5173.28, 6045, 
5173.282, 6055, 
5173.284, 6065, 
5173.286, 6077, 
5173.288, 6088, 
5173.29, 6100, 
5173.292, 6112, 
5173.294, 6125, 
5173.296, 6137, 
5173.298, 6151, 
5173.3, 6164, 
5173.302, 6178, 
5173.304, 6191, 
5173.306, 6205, 
5173.308, 6220, 
5173.31, 6234, 
5173.312, 6248, 
5173.314, 6264, 
5173.316, 6279, 
5173.318, 6295, 
5173.32, 6312, 
5173.322, 6329, 
5173.324, 6346, 
5173.326, 6363, 
5173.328, 6380, 
5173.33, 6398, 
5173.332, 6416, 
5173.334, 6433, 
5173.336, 6450, 
5173.338, 6467, 
5173.34, 6483, 
5173.342, 6499, 
5173.344, 6516, 
5173.346, 6532, 
5173.348, 6548, 
5173.35, 6564, 
5173.352, 6580, 
5173.354, 6595, 
5173.356, 6611, 
5173.358, 6626, 
5173.36, 6641, 
5173.362, 6656, 
5173.364, 6670, 
5173.366, 6684, 
5173.368, 6698, 
5173.37, 6712, 
5173.372, 6725, 
5173.374, 6738, 
5173.376, 6750, 
5173.378, 6763, 
5173.38, 6776, 
5173.382, 6788, 
5173.384, 6800, 
5173.386, 6813, 
5173.388, 6824, 
5173.39, 6836, 
5173.392, 6849, 
5173.394, 6860, 
5173.396, 6871, 
5173.398, 6883, 
5173.4, 6894, 
5173.402, 6904, 
5173.404, 6915, 
5173.406, 6925, 
5173.408, 6935, 
5173.41, 6944, 
5173.412, 6952, 
5173.414, 6960, 
5173.416, 6968, 
5173.418, 6976, 
5173.42, 6983, 
5173.422, 6991, 
5173.424, 6998, 
5173.426, 7005, 
5173.428, 7010, 
5173.43, 7016, 
5173.432, 7021, 
5173.434, 7026, 
5173.436, 7031, 
5173.438, 7036, 
5173.44, 7040, 
5173.442, 7043, 
5173.444, 7046, 
5173.446, 7048, 
5173.448, 7050, 
5173.45, 7051, 
5173.452, 7052, 
5173.454, 7052, 
5173.456, 7051, 
5173.458, 7051, 
5173.46, 7050, 
5173.462, 7048, 
5173.464, 7047, 
5173.466, 7045, 
5173.468, 7043, 
5173.47, 7041, 
5173.472, 7039, 
5173.474, 7037, 
5173.476, 7035, 
5173.478, 7033, 
5173.48, 7033, 
5173.482, 7032, 
5173.484, 7031, 
5173.486, 7032, 
5173.488, 7035, 
5173.49, 7037, 
5173.492, 7040, 
5173.494, 7047, 
5173.496, 7055, 
5173.498, 7063, 
5173.5, 7071, 
5173.502, 7081, 
5173.504, 7092, 
5173.506, 7104, 
5173.508, 7118, 
5173.51, 7134, 
5173.512, 7152, 
5173.514, 7171, 
5173.516, 7192, 
5173.518, 7213, 
5173.52, 7235, 
5173.522, 7257, 
5173.524, 7279, 
5173.526, 7300, 
5173.528, 7321, 
5173.53, 7341, 
5173.532, 7362, 
5173.534, 7383, 
5173.536, 7403, 
5173.538, 7423, 
5173.54, 7442, 
5173.542, 7461, 
5173.544, 7479, 
5173.546, 7496, 
5173.548, 7513, 
5173.55, 7530, 
5173.552, 7545, 
5173.554, 7560, 
5173.556, 7573, 
5173.558, 7585, 
5173.56, 7597, 
5173.562, 7609, 
5173.564, 7620, 
5173.566, 7630, 
5173.568, 7640, 
5173.57, 7649, 
5173.572, 7658, 
5173.574, 7666, 
5173.576, 7675, 
5173.578, 7684, 
5173.58, 7691, 
5173.582, 7698, 
5173.584, 7705, 
5173.586, 7713, 
5173.588, 7720, 
5173.59, 7727, 
5173.592, 7734, 
5173.594, 7741, 
5173.596, 7747, 
5173.598, 7754, 
5173.6, 7760, 
5173.602, 7765, 
5173.604, 7770, 
5173.606, 7775, 
5173.608, 7780, 
5173.61, 7785, 
5173.612, 7789, 
5173.614, 7793, 
5173.616, 7796, 
5173.618, 7799, 
5173.62, 7801, 
5173.622, 7803, 
5173.624, 7807, 
5173.626, 7811, 
5173.628, 7811, 
5173.63, 7809, 
5173.632, 7806, 
5173.634, 7802, 
5173.636, 7797, 
5173.638, 7790, 
5173.64, 7784, 
5173.642, 7776, 
5173.644, 7764, 
5173.646, 7750, 
5173.648, 7733, 
5173.65, 7714, 
5173.652, 7692, 
5173.654, 7667, 
5173.656, 7636, 
5173.658, 7601, 
5173.66, 7562, 
5173.662, 7518, 
5173.664, 7467, 
5173.666, 7409, 
5173.668, 7345, 
5173.67, 7272, 
5173.672, 7191, 
5173.674, 7106, 
5173.676, 7009, 
5173.678, 6895, 
5173.68, 6770, 
5173.682, 6635, 
5173.684, 6491, 
5173.686, 6340, 
5173.688, 6182, 
5173.69, 6014, 
5173.692, 5834, 
5173.694, 5648, 
5173.696, 5465, 
5173.698, 5286, 
5173.7, 5101, 
5173.702, 4911, 
5173.704, 4721, 
5173.706, 4534, 
5173.708, 4349, 
5173.71, 4166, 
5173.712, 3988, 
5173.714, 3811, 
5173.716, 3642, 
5173.718, 3481, 
5173.72, 3329, 
5173.722, 3187, 
5173.724, 3052, 
5173.726, 2927, 
5173.728, 2819, 
5173.73, 2726, 
5173.732, 2641, 
5173.734, 2565, 
5173.736, 2502, 
5173.738, 2452, 
5173.74, 2415, 
5173.742, 2386, 
5173.744, 2366, 
5173.746, 2355, 
5173.748, 2355, 
5173.75, 2367, 
5173.752, 2386, 
5173.754, 2419, 
5173.756, 2470, 
5173.758, 2543, 
5173.76, 2633, 
5173.762, 2736, 
5173.764, 2858, 
5173.766, 3004, 
5173.768, 3171, 
5173.77, 3351, 
5173.772, 3542, 
5173.774, 3746, 
5173.776, 3961, 
5173.778, 4186, 
5173.78, 4423, 
5173.782, 4666, 
5173.784, 4906, 
5173.786, 5140, 
5173.788, 5371, 
5173.79, 5594, 
5173.792, 5812, 
5173.794, 6021, 
5173.796, 6217, 
5173.798, 6395, 
5173.8, 6562, 
5173.802, 6723, 
5173.804, 6877, 
5173.806, 7017, 
5173.808, 7143, 
5173.81, 7253, 
5173.812, 7349, 
5173.814, 7439, 
5173.816, 7522, 
5173.818, 7598, 
5173.82, 7669, 
5173.822, 7736, 
5173.824, 7798, 
5173.826, 7857, 
5173.828, 7912, 
5173.83, 7963, 
5173.832, 8006, 
5173.834, 8043, 
5173.836, 8076, 
5173.838, 8104, 
5173.84, 8129, 
5173.842, 8151, 
5173.844, 8170, 
5173.846, 8189, 
5173.848, 8207, 
5173.85, 8224, 
5173.852, 8241, 
5173.854, 8255, 
5173.856, 8268, 
5173.858, 8281, 
5173.86, 8293, 
5173.862, 8303, 
5173.864, 8311, 
5173.866, 8317, 
5173.868, 8323, 
5173.87, 8329, 
5173.872, 8334, 
5173.874, 8338, 
5173.876, 8341, 
5173.878, 8344, 
5173.88, 8346, 
5173.882, 8348, 
5173.884, 8349, 
5173.886, 8351, 
5173.888, 8352, 
5173.89, 8353, 
5173.892, 8353, 
5173.894, 8355, 
5173.896, 8357, 
5173.898, 8359, 
5173.9, 8361, 
5173.902, 8364, 
5173.904, 8368, 
5173.906, 8372, 
5173.908, 8375, 
5173.91, 8379, 
5173.912, 8384, 
5173.914, 8388, 
5173.916, 8393, 
5173.918, 8399, 
5173.92, 8405, 
5173.922, 8411, 
5173.924, 8417, 
5173.926, 8422, 
5173.928, 8428, 
5173.93, 8434, 
5173.932, 8440, 
5173.934, 8447, 
5173.936, 8453, 
5173.938, 8460, 
5173.94, 8466, 
5173.942, 8471, 
5173.944, 8476, 
5173.946, 8480, 
5173.948, 8485, 
5173.95, 8489, 
5173.952, 8494, 
5173.954, 8497, 
5173.956, 8500, 
5173.958, 8502, 
5173.96, 8504, 
5173.962, 8505, 
5173.964, 8506, 
5173.966, 8507, 
5173.968, 8507, 
5173.97, 8507, 
5173.972, 8506, 
5173.974, 8506, 
5173.976, 8505, 
5173.978, 8503, 
5173.98, 8501, 
5173.982, 8500, 
5173.984, 8498, 
5173.986, 8497, 
5173.988, 8495, 
5173.99, 8493, 
5173.992, 8492, 
5173.994, 8490, 
5173.996, 8488, 
5173.998, 8486, 
5174.0, 8485, 
5174.002, 8484, 
5174.004, 8483, 
5174.006, 8483, 
5174.008, 8482, 
5174.01, 8482, 
5174.012, 8484, 
5174.014, 8485, 
5174.016, 8487, 
5174.018, 8490, 
5174.02, 8494, 
5174.022, 8498, 
5174.024, 8502, 
5174.026, 8508, 
5174.028, 8514, 
5174.03, 8521, 
5174.032, 8528, 
5174.034, 8535, 
5174.036, 8543, 
5174.038, 8551, 
5174.04, 8560, 
5174.042, 8569, 
5174.044, 8579, 
5174.046, 8589, 
5174.048, 8599, 
5174.05, 8610, 
5174.052, 8620, 
5174.054, 8630, 
5174.056, 8641, 
5174.058, 8653, 
5174.06, 8665, 
5174.062, 8676, 
5174.064, 8687, 
5174.066, 8697, 
5174.068, 8707, 
5174.07, 8716, 
5174.072, 8723, 
5174.074, 8732, 
5174.076, 8739, 
5174.078, 8746, 
5174.08, 8754, 
5174.082, 8761, 
5174.084, 8767, 
5174.086, 8773, 
5174.088, 8779, 
5174.09, 8784, 
5174.092, 8790, 
5174.094, 8796, 
5174.096, 8801, 
5174.098, 8805, 
5174.1, 8811, 
5174.102, 8816, 
5174.104, 8820, 
5174.106, 8825, 
5174.108, 8830, 
5174.11, 8834, 
5174.112, 8838, 
5174.114, 8842, 
5174.116, 8846, 
5174.118, 8850, 
5174.12, 8854, 
5174.122, 8858, 
5174.124, 8861, 
5174.126, 8865, 
5174.128, 8868, 
5174.13, 8872, 
5174.132, 8875, 
5174.134, 8879, 
5174.136, 8882, 
5174.138, 8884, 
5174.14, 8888, 
5174.142, 8891, 
5174.144, 8894, 
5174.146, 8897, 
5174.148, 8900, 
5174.15, 8902, 
5174.152, 8904, 
5174.154, 8906, 
5174.156, 8907, 
5174.158, 8908, 
5174.16, 8910, 
5174.162, 8911, 
5174.164, 8912, 
5174.166, 8913, 
5174.168, 8915, 
5174.17, 8916, 
5174.172, 8917, 
5174.174, 8918, 
5174.176, 8919, 
5174.178, 8920, 
5174.18, 8922, 
5174.182, 8923, 
5174.184, 8925, 
5174.186, 8926, 
5174.188, 8927, 
5174.19, 8927, 
5174.192, 8927, 
5174.194, 8928, 
5174.196, 8928, 
5174.198, 8928, 
5174.2, 8928, 
5174.202, 8928, 
5174.204, 8928, 
5174.206, 8928, 
5174.208, 8928, 
5174.21, 8929, 
5174.212, 8929, 
5174.214, 8930, 
5174.216, 8931, 
5174.218, 8932, 
5174.22, 8934, 
5174.222, 8936, 
5174.224, 8937, 
5174.226, 8939, 
5174.228, 8941, 
5174.23, 8943, 
5174.232, 8944, 
5174.234, 8946, 
5174.236, 8947, 
5174.238, 8949, 
5174.24, 8951, 
5174.242, 8952, 
5174.244, 8954, 
5174.246, 8956, 
5174.248, 8958, 
5174.25, 8960, 
5174.252, 8963, 
5174.254, 8965, 
5174.256, 8968, 
5174.258, 8970, 
5174.26, 8973, 
5174.262, 8976, 
5174.264, 8979, 
5174.266, 8982, 
5174.268, 8984, 
5174.27, 8986, 
5174.272, 8988, 
5174.274, 8990, 
5174.276, 8991, 
5174.278, 8992, 
5174.28, 8993, 
5174.282, 8993, 
5174.284, 8994, 
5174.286, 8994, 
5174.288, 8994, 
5174.29, 8994, 
5174.292, 8994, 
5174.294, 8993, 
5174.296, 8992, 
5174.298, 8991, 
5174.3, 8989, 
5174.302, 8988, 
5174.304, 8986, 
5174.306, 8984, 
5174.308, 8982, 
5174.31, 8980, 
5174.312, 8977, 
5174.314, 8974, 
5174.316, 8971, 
5174.318, 8968, 
5174.32, 8964, 
5174.322, 8960, 
5174.324, 8956, 
5174.326, 8953, 
5174.328, 8948, 
5174.33, 8944, 
5174.332, 8939, 
5174.334, 8935, 
5174.336, 8931, 
5174.338, 8927, 
5174.34, 8923, 
5174.342, 8919, 
5174.344, 8915, 
5174.346, 8911, 
5174.348, 8907, 
5174.35, 8903, 
5174.352, 8900, 
5174.354, 8896, 
5174.356, 8893, 
5174.358, 8890, 
5174.36, 8887, 
5174.362, 8884, 
5174.364, 8881, 
5174.366, 8879, 
5174.368, 8877, 
5174.37, 8876, 
5174.372, 8874, 
5174.374, 8873, 
5174.376, 8872, 
5174.378, 8870, 
5174.38, 8870, 
5174.382, 8870, 
5174.384, 8869, 
5174.386, 8868, 
5174.388, 8866, 
5174.39, 8865, 
5174.392, 8864, 
5174.394, 8863, 
5174.396, 8862, 
5174.398, 8861, 
5174.4, 8860, 
5174.402, 8859, 
5174.404, 8857, 
5174.406, 8857, 
5174.408, 8857, 
5174.41, 8856, 
5174.412, 8856, 
5174.414, 8856, 
5174.416, 8856, 
5174.418, 8856, 
5174.42, 8856, 
5174.422, 8856, 
5174.424, 8857, 
5174.426, 8858, 
5174.428, 8859, 
5174.43, 8860, 
5174.432, 8862, 
5174.434, 8864, 
5174.436, 8866, 
5174.438, 8868, 
5174.44, 8872, 
5174.442, 8875, 
5174.444, 8879, 
5174.446, 8884, 
5174.448, 8889, 
5174.45, 8894, 
5174.452, 8899, 
5174.454, 8905, 
5174.456, 8912, 
5174.458, 8918, 
5174.46, 8926, 
5174.462, 8933, 
5174.464, 8940, 
5174.466, 8948, 
5174.468, 8955, 
5174.47, 8963, 
5174.472, 8970, 
5174.474, 8977, 
5174.476, 8984, 
5174.478, 8991, 
5174.48, 8999, 
5174.482, 9007, 
5174.484, 9014, 
5174.486, 9021, 
5174.488, 9028, 
5174.49, 9035, 
5174.492, 9041, 
5174.494, 9047, 
5174.496, 9054, 
5174.498, 9061, 
5174.5, 9067, 
5174.502, 9072, 
5174.504, 9078, 
5174.506, 9084, 
5174.508, 9089, 
5174.51, 9094, 
5174.512, 9099, 
5174.514, 9103, 
5174.516, 9108, 
5174.518, 9112, 
5174.52, 9117, 
5174.522, 9121, 
5174.524, 9125, 
5174.526, 9130, 
5174.528, 9133, 
5174.53, 9137, 
5174.532, 9140, 
5174.534, 9143, 
5174.536, 9147, 
5174.538, 9150, 
5174.54, 9153, 
5174.542, 9156, 
5174.544, 9158, 
5174.546, 9161, 
5174.548, 9164, 
5174.55, 9166, 
5174.552, 9168, 
5174.554, 9171, 
5174.556, 9173, 
5174.558, 9175, 
5174.56, 9176, 
5174.562, 9178, 
5174.564, 9179, 
5174.566, 9181, 
5174.568, 9182, 
5174.57, 9182, 
5174.572, 9182, 
5174.574, 9182, 
5174.576, 9182, 
5174.578, 9182, 
5174.58, 9181, 
5174.582, 9180, 
5174.584, 9179, 
5174.586, 9179, 
5174.588, 9178, 
5174.59, 9177, 
5174.592, 9177, 
5174.594, 9176, 
5174.596, 9175, 
5174.598, 9175, 
5174.6, 9175, 
5174.602, 9175, 
5174.604, 9175, 
5174.606, 9175, 
5174.608, 9175, 
5174.61, 9176, 
5174.612, 9176, 
5174.614, 9177, 
5174.616, 9177, 
5174.618, 9178, 
5174.62, 9179, 
5174.622, 9179, 
5174.624, 9180, 
5174.626, 9182, 
5174.628, 9184, 
5174.63, 9185, 
5174.632, 9187, 
5174.634, 9189, 
5174.636, 9191, 
5174.638, 9194, 
5174.64, 9197, 
5174.642, 9200, 
5174.644, 9203, 
5174.646, 9206, 
5174.648, 9209, 
5174.65, 9213, 
5174.652, 9217, 
5174.654, 9221, 
5174.656, 9225, 
5174.658, 9228, 
5174.66, 9233, 
5174.662, 9237, 
5174.664, 9241, 
5174.666, 9245, 
5174.668, 9249, 
5174.67, 9253, 
5174.672, 9257, 
5174.674, 9261, 
5174.676, 9265, 
5174.678, 9269, 
5174.68, 9272, 
5174.682, 9276, 
5174.684, 9280, 
5174.686, 9284, 
5174.688, 9288, 
5174.69, 9291, 
5174.692, 9294, 
5174.694, 9298, 
5174.696, 9300, 
5174.698, 9302, 
5174.7, 9305, 
5174.702, 9307, 
5174.704, 9309, 
5174.706, 9311, 
5174.708, 9313, 
5174.71, 9315, 
5174.712, 9316, 
5174.714, 9318, 
5174.716, 9320, 
5174.718, 9322, 
5174.72, 9323, 
5174.722, 9325, 
5174.724, 9326, 
5174.726, 9328, 
5174.728, 9329, 
5174.73, 9331, 
5174.732, 9332, 
5174.734, 9333, 
5174.736, 9334, 
5174.738, 9335, 
5174.74, 9336, 
5174.742, 9338, 
5174.744, 9339, 
5174.746, 9339, 
5174.748, 9340, 
5174.75, 9341, 
5174.752, 9342, 
5174.754, 9343, 
5174.756, 9344, 
5174.758, 9346, 
5174.76, 9347, 
5174.762, 9347, 
5174.764, 9348, 
5174.766, 9349, 
5174.768, 9350, 
5174.77, 9351, 
5174.772, 9352, 
5174.774, 9353, 
5174.776, 9354, 
5174.778, 9355, 
5174.78, 9356, 
5174.782, 9357, 
5174.784, 9358, 
5174.786, 9359, 
5174.788, 9359, 
5174.79, 9360, 
5174.792, 9361, 
5174.794, 9361, 
5174.796, 9362, 
5174.798, 9362, 
5174.8, 9362, 
5174.802, 9363, 
5174.804, 9363, 
5174.806, 9364, 
5174.808, 9364, 
5174.81, 9364, 
5174.812, 9364, 
5174.814, 9365, 
5174.816, 9365, 
5174.818, 9365, 
5174.82, 9364, 
5174.822, 9364, 
5174.824, 9363, 
5174.826, 9362, 
5174.828, 9361, 
5174.83, 9360, 
5174.832, 9358, 
5174.834, 9355, 
5174.836, 9353, 
5174.838, 9350, 
5174.84, 9347, 
5174.842, 9343, 
5174.844, 9340, 
5174.846, 9335, 
5174.848, 9329, 
5174.85, 9324, 
5174.852, 9318, 
5174.854, 9312, 
5174.856, 9306, 
5174.858, 9299, 
5174.86, 9292, 
5174.862, 9284, 
5174.864, 9276, 
5174.866, 9268, 
5174.868, 9260, 
5174.87, 9251, 
5174.872, 9242, 
5174.874, 9234, 
5174.876, 9225, 
5174.878, 9216, 
5174.88, 9206, 
5174.882, 9197, 
5174.884, 9187, 
5174.886, 9178, 
5174.888, 9169, 
5174.89, 9159, 
5174.892, 9152, 
5174.894, 9145, 
5174.896, 9138, 
5174.898, 9134, 
5174.9, 9131, 
5174.902, 9128, 
5174.904, 9126, 
5174.906, 9125, 
5174.908, 9125, 
5174.91, 9126, 
5174.912, 9128, 
5174.914, 9130, 
5174.916, 9133, 
5174.918, 9136, 
5174.92, 9141, 
5174.922, 9145, 
5174.924, 9151, 
5174.926, 9157, 
5174.928, 9166, 
5174.93, 9173, 
5174.932, 9180, 
5174.934, 9187, 
5174.936, 9194, 
5174.938, 9202, 
5174.94, 9211, 
5174.942, 9219, 
5174.944, 9227, 
5174.946, 9236, 
5174.948, 9244, 
5174.95, 9252, 
5174.952, 9259, 
5174.954, 9267, 
5174.956, 9274, 
5174.958, 9281, 
5174.96, 9288, 
5174.962, 9294, 
5174.964, 9300, 
5174.966, 9305, 
5174.968, 9309, 
5174.97, 9315, 
5174.972, 9319, 
5174.974, 9323, 
5174.976, 9327, 
5174.978, 9331, 
5174.98, 9335, 
5174.982, 9339, 
5174.984, 9342, 
5174.986, 9344, 
5174.988, 9347, 
5174.99, 9349, 
5174.992, 9352, 
5174.994, 9354, 
5174.996, 9356, 
5174.998, 9358, 
5175.0, 9360, 
5175.002, 9362, 
5175.004, 9364, 
5175.006, 9366, 
5175.008, 9369, 
5175.01, 9371, 
5175.012, 9374, 
5175.014, 9377, 
5175.016, 9380, 
5175.018, 9384, 
5175.02, 9387, 
5175.022, 9390, 
5175.024, 9393, 
5175.026, 9397, 
5175.028, 9400, 
5175.03, 9404, 
5175.032, 9408, 
5175.034, 9411, 
5175.036, 9415, 
5175.038, 9419, 
5175.04, 9423, 
5175.042, 9426, 
5175.044, 9430, 
5175.046, 9434, 
5175.048, 9438, 
5175.05, 9442, 
5175.052, 9446, 
5175.054, 9450, 
5175.056, 9454, 
5175.058, 9458, 
5175.06, 9462, 
5175.062, 9466, 
5175.064, 9470, 
5175.066, 9473, 
5175.068, 9476, 
5175.07, 9480, 
5175.072, 9482, 
5175.074, 9485, 
5175.076, 9487, 
5175.078, 9488, 
5175.08, 9490, 
5175.082, 9492, 
5175.084, 9493, 
5175.086, 9494, 
5175.088, 9495, 
5175.09, 9496, 
5175.092, 9497, 
5175.094, 9498, 
5175.096, 9499, 
5175.098, 9500, 
5175.1, 9501, 
5175.102, 9502, 
5175.104, 9502, 
5175.106, 9502, 
5175.108, 9503, 
5175.11, 9503, 
5175.112, 9503, 
5175.114, 9503, 
5175.116, 9503, 
5175.118, 9503, 
5175.12, 9503, 
5175.122, 9503, 
5175.124, 9503, 
5175.126, 9503, 
5175.128, 9503, 
5175.13, 9503, 
5175.132, 9501, 
5175.134, 9501, 
5175.136, 9500, 
5175.138, 9500, 
5175.14, 9499, 
5175.142, 9497, 
5175.144, 9496, 
5175.146, 9494, 
5175.148, 9491, 
5175.15, 9489, 
5175.152, 9486, 
5175.154, 9482, 
5175.156, 9479, 
5175.158, 9475, 
5175.16, 9471, 
5175.162, 9467, 
5175.164, 9462, 
5175.166, 9458, 
5175.168, 9452, 
5175.17, 9446, 
5175.172, 9440, 
5175.174, 9434, 
5175.176, 9427, 
5175.178, 9420, 
5175.18, 9413, 
5175.182, 9405, 
5175.184, 9397, 
5175.186, 9389, 
5175.188, 9381, 
5175.19, 9372, 
5175.192, 9361, 
5175.194, 9352, 
5175.196, 9342, 
5175.198, 9332, 
5175.2, 9322, 
5175.202, 9312, 
5175.204, 9302, 
5175.206, 9291, 
5175.208, 9281, 
5175.21, 9271, 
5175.212, 9261, 
5175.214, 9250, 
5175.216, 9239, 
5175.218, 9228, 
5175.22, 9218, 
5175.222, 9206, 
5175.224, 9194, 
5175.226, 9184, 
5175.228, 9176, 
5175.23, 9168, 
5175.232, 9161, 
5175.234, 9155, 
5175.236, 9150, 
5175.238, 9145, 
5175.24, 9142, 
5175.242, 9139, 
5175.244, 9137, 
5175.246, 9137, 
5175.248, 9137, 
5175.25, 9137, 
5175.252, 9138, 
5175.254, 9140, 
5175.256, 9143, 
5175.258, 9147, 
5175.26, 9151, 
5175.262, 9156, 
5175.264, 9162, 
5175.266, 9168, 
5175.268, 9175, 
5175.27, 9183, 
5175.272, 9191, 
5175.274, 9199, 
5175.276, 9210, 
5175.278, 9219, 
5175.28, 9228, 
5175.282, 9238, 
5175.284, 9248, 
5175.286, 9258, 
5175.288, 9268, 
5175.29, 9278, 
5175.292, 9287, 
5175.294, 9296, 
5175.296, 9304, 
5175.298, 9312, 
5175.3, 9319, 
5175.302, 9326, 
5175.304, 9334, 
5175.306, 9340, 
5175.308, 9346, 
5175.31, 9351, 
5175.312, 9355, 
5175.314, 9358, 
5175.316, 9361, 
5175.318, 9362, 
5175.32, 9363, 
5175.322, 9364, 
5175.324, 9363, 
5175.326, 9361, 
5175.328, 9358, 
5175.33, 9354, 
5175.332, 9350, 
5175.334, 9344, 
5175.336, 9338, 
5175.338, 9331, 
5175.34, 9325, 
5175.342, 9317, 
5175.344, 9310, 
5175.346, 9303, 
5175.348, 9295, 
5175.35, 9287, 
5175.352, 9279, 
5175.354, 9271, 
5175.356, 9263, 
5175.358, 9254, 
5175.36, 9245, 
5175.362, 9237, 
5175.364, 9229, 
5175.366, 9222, 
5175.368, 9216, 
5175.37, 9211, 
5175.372, 9206, 
5175.374, 9201, 
5175.376, 9199, 
5175.378, 9197, 
5175.38, 9197, 
5175.382, 9197, 
5175.384, 9199, 
5175.386, 9201, 
5175.388, 9205, 
5175.39, 9209, 
5175.392, 9213, 
5175.394, 9219, 
5175.396, 9225, 
5175.398, 9231, 
5175.4, 9238, 
5175.402, 9245, 
5175.404, 9254, 
5175.406, 9263, 
5175.408, 9273, 
5175.41, 9283, 
5175.412, 9294, 
5175.414, 9305, 
5175.416, 9316, 
5175.418, 9327, 
5175.42, 9339, 
5175.422, 9350, 
5175.424, 9361, 
5175.426, 9372, 
5175.428, 9382, 
5175.43, 9392, 
5175.432, 9402, 
5175.434, 9412, 
5175.436, 9422, 
5175.438, 9430, 
5175.44, 9439, 
5175.442, 9448, 
5175.444, 9457, 
5175.446, 9466, 
5175.448, 9475, 
5175.45, 9482, 
5175.452, 9490, 
5175.454, 9497, 
5175.456, 9504, 
5175.458, 9512, 
5175.46, 9518, 
5175.462, 9524, 
5175.464, 9530, 
5175.466, 9536, 
5175.468, 9541, 
5175.47, 9545, 
5175.472, 9550, 
5175.474, 9553, 
5175.476, 9557, 
5175.478, 9561, 
5175.48, 9564, 
5175.482, 9566, 
5175.484, 9569, 
5175.486, 9573, 
5175.488, 9575, 
5175.49, 9578, 
5175.492, 9580, 
5175.494, 9583, 
5175.496, 9586, 
5175.498, 9588, 
5175.5, 9590, 
5175.502, 9592, 
5175.504, 9594, 
5175.506, 9596, 
5175.508, 9599, 
5175.51, 9601, 
5175.512, 9603, 
5175.514, 9604, 
5175.516, 9606, 
5175.518, 9608, 
5175.52, 9610, 
5175.522, 9611, 
5175.524, 9613, 
5175.526, 9615, 
5175.528, 9616, 
5175.53, 9618, 
5175.532, 9619, 
5175.534, 9621, 
5175.536, 9622, 
5175.538, 9623, 
5175.54, 9624, 
5175.542, 9625, 
5175.544, 9626, 
5175.546, 9628, 
5175.548, 9629, 
5175.55, 9630, 
5175.552, 9631, 
5175.554, 9631, 
5175.556, 9632, 
5175.558, 9632, 
5175.56, 9633, 
5175.562, 9633, 
5175.564, 9634, 
5175.566, 9634, 
5175.568, 9634, 
5175.57, 9634, 
5175.572, 9634, 
5175.574, 9634, 
5175.576, 9635, 
5175.578, 9635, 
5175.58, 9635, 
5175.582, 9635, 
5175.584, 9634, 
5175.586, 9634, 
5175.588, 9633, 
5175.59, 9633, 
5175.592, 9632, 
5175.594, 9631, 
5175.596, 9630, 
5175.598, 9627, 
5175.6, 9625, 
5175.602, 9623, 
5175.604, 9621, 
5175.606, 9619, 
5175.608, 9616, 
5175.61, 9613, 
5175.612, 9610, 
5175.614, 9608, 
5175.616, 9605, 
5175.618, 9602, 
5175.62, 9598, 
5175.622, 9595, 
5175.624, 9591, 
5175.626, 9587, 
5175.628, 9583, 
5175.63, 9579, 
5175.632, 9574, 
5175.634, 9570, 
5175.636, 9566, 
5175.638, 9561, 
5175.64, 9557, 
5175.642, 9553, 
5175.644, 9548, 
5175.646, 9544, 
5175.648, 9540, 
5175.65, 9535, 
5175.652, 9530, 
5175.654, 9526, 
5175.656, 9522, 
5175.658, 9517, 
5175.66, 9513, 
5175.662, 9508, 
5175.664, 9504, 
5175.666, 9500, 
5175.668, 9495, 
5175.67, 9490, 
5175.672, 9485, 
5175.674, 9480, 
5175.676, 9475, 
5175.678, 9471, 
5175.68, 9466, 
5175.682, 9460, 
5175.684, 9456, 
5175.686, 9451, 
5175.688, 9446, 
5175.69, 9442, 
5175.692, 9437, 
5175.694, 9433, 
5175.696, 9430, 
5175.698, 9426, 
5175.7, 9423, 
5175.702, 9421, 
5175.704, 9418, 
5175.706, 9417, 
5175.708, 9416, 
5175.71, 9416, 
5175.712, 9416, 
5175.714, 9416, 
5175.716, 9417, 
5175.718, 9419, 
5175.72, 9421, 
5175.722, 9423, 
5175.724, 9425, 
5175.726, 9427, 
5175.728, 9430, 
5175.73, 9433, 
5175.732, 9435, 
5175.734, 9438, 
5175.736, 9440, 
5175.738, 9441, 
5175.74, 9443, 
5175.742, 9444, 
5175.744, 9445, 
5175.746, 9446, 
5175.748, 9446, 
5175.75, 9447, 
5175.752, 9447, 
5175.754, 9446, 
5175.756, 9446, 
5175.758, 9445, 
5175.76, 9444, 
5175.762, 9443, 
5175.764, 9442, 
5175.766, 9442, 
5175.768, 9441, 
5175.77, 9441, 
5175.772, 9440, 
5175.774, 9440, 
5175.776, 9440, 
5175.778, 9441, 
5175.78, 9443, 
5175.782, 9445, 
5175.784, 9447, 
5175.786, 9449, 
5175.788, 9452, 
5175.79, 9455, 
5175.792, 9459, 
5175.794, 9462, 
5175.796, 9466, 
5175.798, 9470, 
5175.8, 9474, 
5175.802, 9479, 
5175.804, 9484, 
5175.806, 9489, 
5175.808, 9494, 
5175.81, 9499, 
5175.812, 9505, 
5175.814, 9511, 
5175.816, 9517, 
5175.818, 9523, 
5175.82, 9528, 
5175.822, 9534, 
5175.824, 9540, 
5175.826, 9546, 
5175.828, 9552, 
5175.83, 9558, 
5175.832, 9564, 
5175.834, 9569, 
5175.836, 9574, 
5175.838, 9580, 
5175.84, 9584, 
5175.842, 9589, 
5175.844, 9594, 
5175.846, 9600, 
5175.848, 9604, 
5175.85, 9608, 
5175.852, 9612, 
5175.854, 9616, 
5175.856, 9620, 
5175.858, 9623, 
5175.86, 9626, 
5175.862, 9629, 
5175.864, 9632, 
5175.866, 9635, 
5175.868, 9637, 
5175.87, 9639, 
5175.872, 9642, 
5175.874, 9643, 
5175.876, 9644, 
5175.878, 9645, 
5175.88, 9647, 
5175.882, 9648, 
5175.884, 9650, 
5175.886, 9651, 
5175.888, 9652, 
5175.89, 9653, 
5175.892, 9654, 
5175.894, 9655, 
5175.896, 9655, 
5175.898, 9655, 
5175.9, 9655, 
5175.902, 9654, 
5175.904, 9653, 
5175.906, 9652, 
5175.908, 9650, 
5175.91, 9648, 
5175.912, 9646, 
5175.914, 9644, 
5175.916, 9641, 
5175.918, 9637, 
5175.92, 9634, 
5175.922, 9630, 
5175.924, 9625, 
5175.926, 9620, 
5175.928, 9614, 
5175.93, 9608, 
5175.932, 9602, 
5175.934, 9594, 
5175.936, 9587, 
5175.938, 9578, 
5175.94, 9569, 
5175.942, 9560, 
5175.944, 9550, 
5175.946, 9540, 
5175.948, 9528, 
5175.95, 9516, 
5175.952, 9503, 
5175.954, 9490, 
5175.956, 9476, 
5175.958, 9461, 
5175.96, 9446, 
5175.962, 9431, 
5175.964, 9415, 
5175.966, 9399, 
5175.968, 9383, 
5175.97, 9366, 
5175.972, 9349, 
5175.974, 9333, 
5175.976, 9317, 
5175.978, 9301, 
5175.98, 9286, 
5175.982, 9271, 
5175.984, 9258, 
5175.986, 9245, 
5175.988, 9233, 
5175.99, 9222, 
5175.992, 9211, 
5175.994, 9200, 
5175.996, 9192, 
5175.998, 9184, 
5176.0, 9176, 
5176.002, 9169, 
5176.004, 9162, 
5176.006, 9156, 
5176.008, 9150, 
5176.01, 9144, 
5176.012, 9138, 
5176.014, 9133, 
5176.016, 9128, 
5176.018, 9123, 
5176.02, 9119, 
5176.022, 9114, 
5176.024, 9110, 
5176.026, 9106, 
5176.028, 9103, 
5176.03, 9100, 
5176.032, 9097, 
5176.034, 9094, 
5176.036, 9091, 
5176.038, 9088, 
5176.04, 9085, 
5176.042, 9083, 
5176.044, 9080, 
5176.046, 9077, 
5176.048, 9075, 
5176.05, 9073, 
5176.052, 9070, 
5176.054, 9067, 
5176.056, 9066, 
5176.058, 9064, 
5176.06, 9061, 
5176.062, 9059, 
5176.064, 9057, 
5176.066, 9055, 
5176.068, 9052, 
5176.07, 9049, 
5176.072, 9047, 
5176.074, 9045, 
5176.076, 9043, 
5176.078, 9040, 
5176.08, 9038, 
5176.082, 9036, 
5176.084, 9033, 
5176.086, 9031, 
5176.088, 9028, 
5176.09, 9025, 
5176.092, 9022, 
5176.094, 9019, 
5176.096, 9015, 
5176.098, 9013, 
5176.1, 9009, 
5176.102, 9005, 
5176.104, 9003, 
5176.106, 9000, 
5176.108, 8996, 
5176.11, 8994, 
5176.112, 8991, 
5176.114, 8988, 
5176.116, 8985, 
5176.118, 8983, 
5176.12, 8981, 
5176.122, 8979, 
5176.124, 8977, 
5176.126, 8976, 
5176.128, 8975, 
5176.13, 8975, 
5176.132, 8975, 
5176.134, 8976, 
5176.136, 8977, 
5176.138, 8978, 
5176.14, 8982, 
5176.142, 8988, 
5176.144, 8998, 
5176.146, 9009, 
5176.148, 9021, 
5176.15, 9035, 
5176.152, 9052, 
5176.154, 9072, 
5176.156, 9091, 
5176.158, 9110, 
5176.16, 9130, 
5176.162, 9150, 
5176.164, 9171, 
5176.166, 9193, 
5176.168, 9214, 
5176.17, 9236, 
5176.172, 9258, 
5176.174, 9279, 
5176.176, 9300, 
5176.178, 9321, 
5176.18, 9342, 
5176.182, 9362, 
5176.184, 9381, 
5176.186, 9400, 
5176.188, 9417, 
5176.19, 9434, 
5176.192, 9450, 
5176.194, 9465, 
5176.196, 9479, 
5176.198, 9492, 
5176.2, 9502, 
5176.202, 9512, 
5176.204, 9522, 
5176.206, 9531, 
5176.208, 9539, 
5176.21, 9547, 
5176.212, 9555, 
5176.214, 9562, 
5176.216, 9568, 
5176.218, 9575, 
5176.22, 9581, 
5176.222, 9586, 
5176.224, 9591, 
5176.226, 9595, 
5176.228, 9599, 
5176.23, 9603, 
5176.232, 9606, 
5176.234, 9610, 
5176.236, 9613, 
5176.238, 9615, 
5176.24, 9616, 
5176.242, 9617, 
5176.244, 9618, 
5176.246, 9619, 
5176.248, 9620, 
5176.25, 9620, 
5176.252, 9620, 
5176.254, 9620, 
5176.256, 9619, 
5176.258, 9618, 
5176.26, 9618, 
5176.262, 9617, 
5176.264, 9616, 
5176.266, 9615, 
5176.268, 9614, 
5176.27, 9614, 
5176.272, 9613, 
5176.274, 9612, 
5176.276, 9612, 
5176.278, 9611, 
5176.28, 9611, 
5176.282, 9611, 
5176.284, 9611, 
5176.286, 9612, 
5176.288, 9612, 
5176.29, 9613, 
5176.292, 9613, 
5176.294, 9615, 
5176.296, 9616, 
5176.298, 9618, 
5176.3, 9620, 
5176.302, 9622, 
5176.304, 9625, 
5176.306, 9628, 
5176.308, 9631, 
5176.31, 9633, 
5176.312, 9636, 
5176.314, 9639, 
5176.316, 9641, 
5176.318, 9644, 
5176.32, 9647, 
5176.322, 9649, 
5176.324, 9653, 
5176.326, 9655, 
5176.328, 9656, 
5176.33, 9659, 
5176.332, 9660, 
5176.334, 9662, 
5176.336, 9663, 
5176.338, 9666, 
5176.34, 9667, 
5176.342, 9669, 
5176.344, 9670, 
5176.346, 9671, 
5176.348, 9672, 
5176.35, 9673, 
5176.352, 9674, 
5176.354, 9675, 
5176.356, 9675, 
5176.358, 9674, 
5176.36, 9674, 
5176.362, 9673, 
5176.364, 9672, 
5176.366, 9672, 
5176.368, 9671, 
5176.37, 9669, 
5176.372, 9668, 
5176.374, 9666, 
5176.376, 9664, 
5176.378, 9662, 
5176.38, 9660, 
5176.382, 9658, 
5176.384, 9655, 
5176.386, 9652, 
5176.388, 9650, 
5176.39, 9647, 
5176.392, 9644, 
5176.394, 9641, 
5176.396, 9636, 
5176.398, 9632, 
5176.4, 9627, 
5176.402, 9622, 
5176.404, 9617, 
5176.406, 9610, 
5176.408, 9604, 
5176.41, 9597, 
5176.412, 9590, 
5176.414, 9582, 
5176.416, 9575, 
5176.418, 9566, 
5176.42, 9557, 
5176.422, 9546, 
5176.424, 9537, 
5176.426, 9528, 
5176.428, 9516, 
5176.43, 9504, 
5176.432, 9491, 
5176.434, 9476, 
5176.436, 9461, 
5176.438, 9445, 
5176.44, 9427, 
5176.442, 9409, 
5176.444, 9390, 
5176.446, 9371, 
5176.448, 9348, 
5176.45, 9324, 
5176.452, 9300, 
5176.454, 9271, 
5176.456, 9240, 
5176.458, 9208, 
5176.46, 9175, 
5176.462, 9141, 
5176.464, 9106, 
5176.466, 9070, 
5176.468, 9035, 
5176.47, 8995, 
5176.472, 8953, 
5176.474, 8905, 
5176.476, 8855, 
5176.478, 8801, 
5176.48, 8741, 
5176.482, 8677, 
5176.484, 8609, 
5176.486, 8534, 
5176.488, 8454, 
5176.49, 8370, 
5176.492, 8283, 
5176.494, 8192, 
5176.496, 8094, 
5176.498, 7986, 
5176.5, 7861, 
5176.502, 7730, 
5176.504, 7597, 
5176.506, 7465, 
5176.508, 7329, 
5176.51, 7189, 
5176.512, 7037, 
5176.514, 6882, 
5176.516, 6725, 
5176.518, 6560, 
5176.52, 6399, 
5176.522, 6238, 
5176.524, 6072, 
5176.526, 5907, 
5176.528, 5738, 
5176.53, 5567, 
5176.532, 5410, 
5176.534, 5252, 
5176.536, 5092, 
5176.538, 4943, 
5176.54, 4797, 
5176.542, 4656, 
5176.544, 4533, 
5176.546, 4427, 
5176.548, 4330, 
5176.55, 4243, 
5176.552, 4170, 
5176.554, 4109, 
5176.556, 4062, 
5176.558, 4037, 
5176.56, 4027, 
5176.562, 4031, 
5176.564, 4061, 
5176.566, 4107, 
5176.568, 4167, 
5176.57, 4247, 
5176.572, 4340, 
5176.574, 4445, 
5176.576, 4578, 
5176.578, 4725, 
5176.58, 4885, 
5176.582, 5062, 
5176.584, 5250, 
5176.586, 5440, 
5176.588, 5632, 
5176.59, 5834, 
5176.592, 6032, 
5176.594, 6227, 
5176.596, 6415, 
5176.598, 6608, 
5176.6, 6799, 
5176.602, 6983, 
5176.604, 7151, 
5176.606, 7310, 
5176.608, 7460, 
5176.61, 7602, 
5176.612, 7740, 
5176.614, 7876, 
5176.616, 7999, 
5176.618, 8115, 
5176.62, 8222, 
5176.622, 8313, 
5176.624, 8403, 
5176.626, 8491, 
5176.628, 8575, 
5176.63, 8653, 
5176.632, 8726, 
5176.634, 8795, 
5176.636, 8856, 
5176.638, 8913, 
5176.64, 8966, 
5176.642, 9014, 
5176.644, 9060, 
5176.646, 9102, 
5176.648, 9139, 
5176.65, 9174, 
5176.652, 9209, 
5176.654, 9240, 
5176.656, 9270, 
5176.658, 9298, 
5176.66, 9325, 
5176.662, 9349, 
5176.664, 9372, 
5176.666, 9394, 
5176.668, 9414, 
5176.67, 9432, 
5176.672, 9450, 
5176.674, 9465, 
5176.676, 9479, 
5176.678, 9493, 
5176.68, 9505, 
5176.682, 9515, 
5176.684, 9523, 
5176.686, 9531, 
5176.688, 9538, 
5176.69, 9543, 
5176.692, 9548, 
5176.694, 9552, 
5176.696, 9555, 
5176.698, 9557, 
5176.7, 9557, 
5176.702, 9556, 
5176.704, 9555, 
5176.706, 9552, 
5176.708, 9546, 
5176.71, 9539, 
5176.712, 9534, 
5176.714, 9527, 
5176.716, 9520, 
5176.718, 9512, 
5176.72, 9502, 
5176.722, 9491, 
5176.724, 9480, 
5176.726, 9467, 
5176.728, 9453, 
5176.73, 9439, 
5176.732, 9423, 
5176.734, 9408, 
5176.736, 9391, 
5176.738, 9374, 
5176.74, 9357, 
5176.742, 9339, 
5176.744, 9322, 
5176.746, 9303, 
5176.748, 9284, 
5176.75, 9265, 
5176.752, 9245, 
5176.754, 9225, 
5176.756, 9204, 
5176.758, 9184, 
5176.76, 9167, 
5176.762, 9152, 
5176.764, 9140, 
5176.766, 9129, 
5176.768, 9118, 
5176.77, 9110, 
5176.772, 9104, 
5176.774, 9098, 
5176.776, 9092, 
5176.778, 9092, 
5176.78, 9092, 
5176.782, 9093, 
5176.784, 9098, 
5176.786, 9105, 
5176.788, 9113, 
5176.79, 9121, 
5176.792, 9129, 
5176.794, 9137, 
5176.796, 9146, 
5176.798, 9157, 
5176.8, 9169, 
5176.802, 9185, 
5176.804, 9201, 
5176.806, 9217, 
5176.808, 9237, 
5176.81, 9258, 
5176.812, 9280, 
5176.814, 9300, 
5176.816, 9320, 
5176.818, 9340, 
5176.82, 9358, 
5176.822, 9377, 
5176.824, 9395, 
5176.826, 9413, 
5176.828, 9430, 
5176.83, 9447, 
5176.832, 9464, 
5176.834, 9480, 
5176.836, 9496, 
5176.838, 9511, 
5176.84, 9526, 
5176.842, 9540, 
5176.844, 9553, 
5176.846, 9565, 
5176.848, 9577, 
5176.85, 9588, 
5176.852, 9598, 
5176.854, 9608, 
5176.856, 9617, 
5176.858, 9625, 
5176.86, 9632, 
5176.862, 9639, 
5176.864, 9648, 
5176.866, 9654, 
5176.868, 9659, 
5176.87, 9664, 
5176.872, 9670, 
5176.874, 9675, 
5176.876, 9679, 
5176.878, 9683, 
5176.88, 9687, 
5176.882, 9690, 
5176.884, 9694, 
5176.886, 9696, 
5176.888, 9699, 
5176.89, 9701, 
5176.892, 9702, 
5176.894, 9704, 
5176.896, 9705, 
5176.898, 9707, 
5176.9, 9707, 
5176.902, 9707, 
5176.904, 9707, 
5176.906, 9707, 
5176.908, 9706, 
5176.91, 9705, 
5176.912, 9704, 
5176.914, 9703, 
5176.916, 9702, 
5176.918, 9700, 
5176.92, 9699, 
5176.922, 9697, 
5176.924, 9695, 
5176.926, 9692, 
5176.928, 9690, 
5176.93, 9687, 
5176.932, 9684, 
5176.934, 9680, 
5176.936, 9676, 
5176.938, 9671, 
5176.94, 9666, 
5176.942, 9660, 
5176.944, 9654, 
5176.946, 9648, 
5176.948, 9642, 
5176.95, 9636, 
5176.952, 9629, 
5176.954, 9621, 
5176.956, 9614, 
5176.958, 9607, 
5176.96, 9600, 
5176.962, 9594, 
5176.964, 9587, 
5176.966, 9580, 
5176.968, 9574, 
5176.97, 9568, 
5176.972, 9562, 
5176.974, 9557, 
5176.976, 9550, 
5176.978, 9548, 
5176.98, 9546, 
5176.982, 9543, 
5176.984, 9541, 
5176.986, 9541, 
5176.988, 9541, 
5176.99, 9542, 
5176.992, 9543, 
5176.994, 9545, 
5176.996, 9547, 
5176.998, 9550, 
5177.0, 9555, 
5177.002, 9559, 
5177.004, 9563, 
5177.006, 9568, 
5177.008, 9573, 
5177.01, 9578, 
5177.012, 9584, 
5177.014, 9589, 
5177.016, 9595, 
5177.018, 9600, 
5177.02, 9606, 
5177.022, 9610, 
5177.024, 9615, 
5177.026, 9620, 
5177.028, 9625, 
5177.03, 9630, 
5177.032, 9635, 
5177.034, 9638, 
5177.036, 9642, 
5177.038, 9646, 
5177.04, 9650, 
5177.042, 9653, 
5177.044, 9656, 
5177.046, 9659, 
5177.048, 9662, 
5177.05, 9664, 
5177.052, 9666, 
5177.054, 9669, 
5177.056, 9670, 
5177.058, 9671, 
5177.06, 9674, 
5177.062, 9675, 
5177.064, 9675, 
5177.066, 9676, 
5177.068, 9677, 
5177.07, 9678, 
5177.072, 9679, 
5177.074, 9680, 
5177.076, 9680, 
5177.078, 9680, 
5177.08, 9680, 
5177.082, 9680, 
5177.084, 9679, 
5177.086, 9677, 
5177.088, 9676, 
5177.09, 9676, 
5177.092, 9676, 
5177.094, 9673, 
5177.096, 9671, 
5177.098, 9669, 
5177.1, 9666, 
5177.102, 9663, 
5177.104, 9660, 
5177.106, 9657, 
5177.108, 9653, 
5177.11, 9650, 
5177.112, 9646, 
5177.114, 9641, 
5177.116, 9636, 
5177.118, 9632, 
5177.12, 9627, 
5177.122, 9621, 
5177.124, 9615, 
5177.126, 9608, 
5177.128, 9600, 
5177.13, 9593, 
5177.132, 9586, 
5177.134, 9576, 
5177.136, 9566, 
5177.138, 9555, 
5177.14, 9544, 
5177.142, 9533, 
5177.144, 9520, 
5177.146, 9506, 
5177.148, 9491, 
5177.15, 9476, 
5177.152, 9460, 
5177.154, 9442, 
5177.156, 9422, 
5177.158, 9403, 
5177.16, 9381, 
5177.162, 9358, 
5177.164, 9330, 
5177.166, 9297, 
5177.168, 9258, 
5177.17, 9210, 
5177.172, 9154, 
5177.174, 9096, 
5177.176, 9035, 
5177.178, 8969, 
5177.18, 8899, 
5177.182, 8825, 
5177.184, 8744, 
5177.186, 8661, 
5177.188, 8574, 
5177.19, 8484, 
5177.192, 8386, 
5177.194, 8287, 
5177.196, 8188, 
5177.198, 8082, 
5177.2, 7973, 
5177.202, 7861, 
5177.204, 7753, 
5177.206, 7646, 
5177.208, 7542, 
5177.21, 7447, 
5177.212, 7356, 
5177.214, 7271, 
5177.216, 7194, 
5177.218, 7126, 
5177.22, 7068, 
5177.222, 7020, 
5177.224, 6988, 
5177.226, 6965, 
5177.228, 6952, 
5177.23, 6955, 
5177.232, 6968, 
5177.234, 6991, 
5177.236, 7029, 
5177.238, 7073, 
5177.24, 7125, 
5177.242, 7187, 
5177.244, 7255, 
5177.246, 7329, 
5177.248, 7410, 
5177.25, 7495, 
5177.252, 7585, 
5177.254, 7677, 
5177.256, 7767, 
5177.258, 7854, 
5177.26, 7939, 
5177.262, 8019, 
5177.264, 8099, 
5177.266, 8177, 
5177.268, 8254, 
5177.27, 8325, 
5177.272, 8393, 
5177.274, 8455, 
5177.276, 8511, 
5177.278, 8565, 
5177.28, 8616, 
5177.282, 8662, 
5177.284, 8702, 
5177.286, 8736, 
5177.288, 8769, 
5177.29, 8799, 
5177.292, 8826, 
5177.294, 8852, 
5177.296, 8877, 
5177.298, 8899, 
5177.3, 8921, 
5177.302, 8943, 
5177.304, 8962, 
5177.306, 8981, 
5177.308, 8996, 
5177.31, 9010, 
5177.312, 9022, 
5177.314, 9032, 
5177.316, 9039, 
5177.318, 9044, 
5177.32, 9048, 
5177.322, 9050, 
5177.324, 9050, 
5177.326, 9049, 
5177.328, 9044, 
5177.33, 9036, 
5177.332, 9026, 
5177.334, 9011, 
5177.336, 8994, 
5177.338, 8972, 
5177.34, 8945, 
5177.342, 8916, 
5177.344, 8882, 
5177.346, 8843, 
5177.348, 8797, 
5177.35, 8747, 
5177.352, 8695, 
5177.354, 8642, 
5177.356, 8587, 
5177.358, 8529, 
5177.36, 8465, 
5177.362, 8400, 
5177.364, 8333, 
5177.366, 8266, 
5177.368, 8199, 
5177.37, 8134, 
5177.372, 8069, 
5177.374, 8005, 
5177.376, 7943, 
5177.378, 7883, 
5177.38, 7828, 
5177.382, 7777, 
5177.384, 7733, 
5177.386, 7694, 
5177.388, 7661, 
5177.39, 7636, 
5177.392, 7621, 
5177.394, 7613, 
5177.396, 7614, 
5177.398, 7625, 
5177.4, 7644, 
5177.402, 7671, 
5177.404, 7707, 
5177.406, 7750, 
5177.408, 7799, 
5177.41, 7853, 
5177.412, 7912, 
5177.414, 7973, 
5177.416, 8036, 
5177.418, 8104, 
5177.42, 8174, 
5177.422, 8248, 
5177.424, 8325, 
5177.426, 8403, 
5177.428, 8480, 
5177.43, 8555, 
5177.432, 8626, 
5177.434, 8695, 
5177.436, 8760, 
5177.438, 8823, 
5177.44, 8883, 
5177.442, 8940, 
5177.444, 8991, 
5177.446, 9039, 
5177.448, 9084, 
5177.45, 9128, 
5177.452, 9170, 
5177.454, 9209, 
5177.456, 9244, 
5177.458, 9277, 
5177.46, 9308, 
5177.462, 9338, 
5177.464, 9364, 
5177.466, 9388, 
5177.468, 9408, 
5177.47, 9425, 
5177.472, 9442, 
5177.474, 9457, 
5177.476, 9469, 
5177.478, 9480, 
5177.48, 9491, 
5177.482, 9500, 
5177.484, 9510, 
5177.486, 9519, 
5177.488, 9525, 
5177.49, 9532, 
5177.492, 9538, 
5177.494, 9544, 
5177.496, 9549, 
5177.498, 9554, 
5177.5, 9558, 
5177.502, 9562, 
5177.504, 9565, 
5177.506, 9567, 
5177.508, 9569, 
5177.51, 9571, 
5177.512, 9573, 
5177.514, 9575, 
5177.516, 9577, 
5177.518, 9578, 
5177.52, 9579, 
5177.522, 9581, 
5177.524, 9582, 
5177.526, 9583, 
5177.528, 9584, 
5177.53, 9586, 
5177.532, 9587, 
5177.534, 9587, 
5177.536, 9588, 
5177.538, 9588, 
5177.54, 9588, 
5177.542, 9588, 
5177.544, 9588, 
5177.546, 9588, 
5177.548, 9587, 
5177.55, 9586, 
5177.552, 9584, 
5177.554, 9583, 
5177.556, 9582, 
5177.558, 9581, 
5177.56, 9579, 
5177.562, 9577, 
5177.564, 9575, 
5177.566, 9573, 
5177.568, 9571, 
5177.57, 9568, 
5177.572, 9565, 
5177.574, 9562, 
5177.576, 9559, 
5177.578, 9556, 
5177.58, 9553, 
5177.582, 9549, 
5177.584, 9546, 
5177.586, 9542, 
5177.588, 9538, 
5177.59, 9535, 
5177.592, 9532, 
5177.594, 9529, 
5177.596, 9527, 
5177.598, 9525, 
5177.6, 9522, 
5177.602, 9521, 
5177.604, 9520, 
5177.606, 9519, 
5177.608, 9519, 
5177.61, 9519, 
5177.612, 9520, 
5177.614, 9521, 
5177.616, 9523, 
5177.618, 9525, 
5177.62, 9527, 
5177.622, 9530, 
5177.624, 9533, 
5177.626, 9538, 
5177.628, 9542, 
5177.63, 9547, 
5177.632, 9552, 
5177.634, 9558, 
5177.636, 9565, 
5177.638, 9571, 
5177.64, 9577, 
5177.642, 9584, 
5177.644, 9591, 
5177.646, 9597, 
5177.648, 9604, 
5177.65, 9610, 
5177.652, 9616, 
5177.654, 9622, 
5177.656, 9628, 
5177.658, 9635, 
5177.66, 9640, 
5177.662, 9645, 
5177.664, 9650, 
5177.666, 9656, 
5177.668, 9661, 
5177.67, 9666, 
5177.672, 9670, 
5177.674, 9673, 
5177.676, 9678, 
5177.678, 9681, 
5177.68, 9684, 
5177.682, 9688, 
5177.684, 9691, 
5177.686, 9694, 
5177.688, 9696, 
5177.69, 9698, 
5177.692, 9700, 
5177.694, 9702, 
5177.696, 9704, 
5177.698, 9705, 
5177.7, 9706, 
5177.702, 9708, 
5177.704, 9708, 
5177.706, 9710, 
5177.708, 9711, 
5177.71, 9711, 
5177.712, 9711, 
5177.714, 9711, 
5177.716, 9711, 
5177.718, 9711, 
5177.72, 9712, 
5177.722, 9711, 
5177.724, 9710, 
5177.726, 9710, 
5177.728, 9709, 
5177.73, 9707, 
5177.732, 9706, 
5177.734, 9704, 
5177.736, 9703, 
5177.738, 9701, 
5177.74, 9699, 
5177.742, 9696, 
5177.744, 9694, 
5177.746, 9691, 
5177.748, 9687, 
5177.75, 9684, 
5177.752, 9681, 
5177.754, 9677, 
5177.756, 9674, 
5177.758, 9669, 
5177.76, 9665, 
5177.762, 9661, 
5177.764, 9657, 
5177.766, 9653, 
5177.768, 9648, 
5177.77, 9644, 
5177.772, 9640, 
5177.774, 9637, 
5177.776, 9633, 
5177.778, 9629, 
5177.78, 9625, 
5177.782, 9621, 
5177.784, 9618, 
5177.786, 9615, 
5177.788, 9612, 
5177.79, 9610, 
5177.792, 9608, 
5177.794, 9606, 
5177.796, 9605, 
5177.798, 9604, 
5177.8, 9604, 
5177.802, 9604, 
5177.804, 9604, 
5177.806, 9605, 
5177.808, 9606, 
5177.81, 9607, 
5177.812, 9609, 
5177.814, 9612, 
5177.816, 9614, 
5177.818, 9617, 
5177.82, 9619, 
5177.822, 9622, 
5177.824, 9625, 
5177.826, 9627, 
5177.828, 9630, 
5177.83, 9633, 
5177.832, 9636, 
5177.834, 9639, 
5177.836, 9641, 
5177.838, 9644, 
5177.84, 9647, 
5177.842, 9649, 
5177.844, 9653, 
5177.846, 9655, 
5177.848, 9658, 
5177.85, 9661, 
5177.852, 9664, 
5177.854, 9666, 
5177.856, 9670, 
5177.858, 9672, 
5177.86, 9675, 
5177.862, 9677, 
5177.864, 9680, 
5177.866, 9681, 
5177.868, 9684, 
5177.87, 9686, 
5177.872, 9688, 
5177.874, 9689, 
5177.876, 9691, 
5177.878, 9693, 
5177.88, 9694, 
5177.882, 9695, 
5177.884, 9696, 
5177.886, 9698, 
5177.888, 9698, 
5177.89, 9698, 
5177.892, 9699, 
5177.894, 9698, 
5177.896, 9698, 
5177.898, 9699, 
5177.9, 9698, 
5177.902, 9697, 
5177.904, 9696, 
5177.906, 9694, 
5177.908, 9693, 
5177.91, 9691, 
5177.912, 9689, 
5177.914, 9687, 
5177.916, 9685, 
5177.918, 9683, 
5177.92, 9680, 
5177.922, 9678, 
5177.924, 9675, 
5177.926, 9672, 
5177.928, 9669, 
5177.93, 9665, 
5177.932, 9661, 
5177.934, 9657, 
5177.936, 9653, 
5177.938, 9649, 
5177.94, 9644, 
5177.942, 9640, 
5177.944, 9636, 
5177.946, 9631, 
5177.948, 9626, 
5177.95, 9621, 
5177.952, 9617, 
5177.954, 9613, 
5177.956, 9609, 
5177.958, 9605, 
5177.96, 9601, 
5177.962, 9597, 
5177.964, 9594, 
5177.966, 9592, 
5177.968, 9589, 
5177.97, 9586, 
5177.972, 9584, 
5177.974, 9583, 
5177.976, 9581, 
5177.978, 9581, 
5177.98, 9580, 
5177.982, 9579, 
5177.984, 9579, 
5177.986, 9580, 
5177.988, 9580, 
5177.99, 9581, 
5177.992, 9582, 
5177.994, 9583, 
5177.996, 9585, 
5177.998, 9585, 
5178.0, 9587, 