Wavelength (Angstroms), Normalized intensity, Element
6168.0, 9864, 
6168.002, 9865, 
6168.004, 9865, 
6168.006, 9864, 
6168.008, 9863, 
6168.01, 9864, 
6168.012, 9863, 
6168.014, 9862, 
6168.016, 9862, 
6168.018, 9862, 
6168.02, 9861, 
6168.022, 9860, 
6168.024, 9860, 
6168.026, 9860, 
6168.028, 9859, 
6168.03, 9859, 
6168.032, 9859, 
6168.034, 9858, 
6168.036, 9858, 
6168.038, 9857, 
6168.04, 9856, 
6168.042, 9855, 
6168.044, 9855, 
6168.046, 9854, 
6168.048, 9853, 
6168.05, 9853, 
6168.052, 9853, 
6168.054, 9851, 
6168.056, 9850, 
6168.058, 9850, 
6168.06, 9848, 
6168.062, 9848, 
6168.064, 9848, 
6168.066, 9847, 
6168.068, 9847, 
6168.07, 9846, 
6168.072, 9846, 
6168.074, 9846, 
6168.076, 9845, 
6168.078, 9845, 
6168.08, 9844, 
6168.082, 9844, 
6168.084, 9844, 
6168.086, 9844, 
6168.088, 9844, 
6168.09, 9844, 
6168.092, 9843, 
6168.094, 9842, 
6168.096, 9842, 
6168.098, 9842, 
6168.1, 9841, 
6168.102, 9841, 
6168.104, 9841, 
6168.106, 9840, 
6168.108, 9841, 
6168.11, 9841, 
6168.112, 9840, 
6168.114, 9840, 
6168.116, 9840, 
6168.118, 9839, 
6168.12, 9839, 
6168.122, 9839, 
6168.124, 9839, 
6168.126, 9838, 
6168.128, 9839, 
6168.13, 9839, 
6168.132, 9838, 
6168.134, 9838, 
6168.136, 9838, 
6168.138, 9839, 
6168.14, 9839, 
6168.142, 9839, 
6168.144, 9840, 
6168.146, 9840, 
6168.148, 9841, 
6168.15, 9840, 
6168.152, 9840, 
6168.154, 9840, 
6168.156, 9840, 
6168.158, 9840, 
6168.16, 9840, 
6168.162, 9839, 
6168.164, 9839, 
6168.166, 9839, 
6168.168, 9839, 
6168.17, 9838, 
6168.172, 9838, 
6168.174, 9838, 
6168.176, 9838, 
6168.178, 9837, 
6168.18, 9838, 
6168.182, 9838, 
6168.184, 9837, 
6168.186, 9836, 
6168.188, 9836, 
6168.19, 9836, 
6168.192, 9836, 
6168.194, 9836, 
6168.196, 9835, 
6168.198, 9835, 
6168.2, 9834, 
6168.202, 9834, 
6168.204, 9833, 
6168.206, 9833, 
6168.208, 9833, 
6168.21, 9832, 
6168.212, 9833, 
6168.214, 9833, 
6168.216, 9832, 
6168.218, 9833, 
6168.22, 9833, 
6168.222, 9832, 
6168.224, 9832, 
6168.226, 9832, 
6168.228, 9833, 
6168.23, 9832, 
6168.232, 9833, 
6168.234, 9832, 
6168.236, 9832, 
6168.238, 9832, 
6168.24, 9833, 
6168.242, 9833, 
6168.244, 9833, 
6168.246, 9833, 
6168.248, 9833, 
6168.25, 9834, 
6168.252, 9834, 
6168.254, 9833, 
6168.256, 9833, 
6168.258, 9833, 
6168.26, 9833, 
6168.262, 9832, 
6168.264, 9833, 
6168.266, 9832, 
6168.268, 9831, 
6168.27, 9831, 
6168.272, 9830, 
6168.274, 9829, 
6168.276, 9829, 
6168.278, 9829, 
6168.28, 9828, 
6168.282, 9827, 
6168.284, 9827, 
6168.286, 9827, 
6168.288, 9826, 
6168.29, 9826, 
6168.292, 9825, 
6168.294, 9824, 
6168.296, 9824, 
6168.298, 9824, 
6168.3, 9823, 
6168.302, 9823, 
6168.304, 9822, 
6168.306, 9821, 
6168.308, 9821, 
6168.31, 9820, 
6168.312, 9820, 
6168.314, 9820, 
6168.316, 9820, 
6168.318, 9820, 
6168.32, 9818, 
6168.322, 9819, 
6168.324, 9819, 
6168.326, 9819, 
6168.328, 9818, 
6168.33, 9818, 
6168.332, 9818, 
6168.334, 9817, 
6168.336, 9817, 
6168.338, 9817, 
6168.34, 9816, 
6168.342, 9815, 
6168.344, 9815, 
6168.346, 9815, 
6168.348, 9815, 
6168.35, 9815, 
6168.352, 9814, 
6168.354, 9813, 
6168.356, 9812, 
6168.358, 9813, 
6168.36, 9812, 
6168.362, 9812, 
6168.364, 9811, 
6168.366, 9811, 
6168.368, 9810, 
6168.37, 9810, 
6168.372, 9809, 
6168.374, 9808, 
6168.376, 9808, 
6168.378, 9807, 
6168.38, 9806, 
6168.382, 9805, 
6168.384, 9804, 
6168.386, 9803, 
6168.388, 9802, 
6168.39, 9802, 
6168.392, 9800, 
6168.394, 9801, 
6168.396, 9800, 
6168.398, 9799, 
6168.4, 9798, 
6168.402, 9797, 
6168.404, 9796, 
6168.406, 9795, 
6168.408, 9795, 
6168.41, 9795, 
6168.412, 9793, 
6168.414, 9793, 
6168.416, 9792, 
6168.418, 9792, 
6168.42, 9791, 
6168.422, 9791, 
6168.424, 9791, 
6168.426, 9790, 
6168.428, 9790, 
6168.43, 9792, 
6168.432, 9790, 
6168.434, 9790, 
6168.436, 9791, 
6168.438, 9790, 
6168.44, 9789, 
6168.442, 9790, 
6168.444, 9790, 
6168.446, 9789, 
6168.448, 9790, 
6168.45, 9789, 
6168.452, 9789, 
6168.454, 9789, 
6168.456, 9789, 
6168.458, 9789, 
6168.46, 9788, 
6168.462, 9789, 
6168.464, 9789, 
6168.466, 9789, 
6168.468, 9790, 
6168.47, 9790, 
6168.472, 9789, 
6168.474, 9789, 
6168.476, 9790, 
6168.478, 9789, 
6168.48, 9789, 
6168.482, 9788, 
6168.484, 9788, 
6168.486, 9788, 
6168.488, 9788, 
6168.49, 9788, 
6168.492, 9787, 
6168.494, 9788, 
6168.496, 9788, 
6168.498, 9788, 
6168.5, 9788, 
6168.502, 9789, 
6168.504, 9789, 
6168.506, 9789, 
6168.508, 9789, 
6168.51, 9789, 
6168.512, 9790, 
6168.514, 9791, 
6168.516, 9791, 
6168.518, 9791, 
6168.52, 9792, 
6168.522, 9792, 
6168.524, 9792, 
6168.526, 9793, 
6168.528, 9794, 
6168.53, 9794, 
6168.532, 9795, 
6168.534, 9795, 
6168.536, 9795, 
6168.538, 9796, 
6168.54, 9797, 
6168.542, 9797, 
6168.544, 9797, 
6168.546, 9798, 
6168.548, 9798, 
6168.55, 9798, 
6168.552, 9798, 
6168.554, 9798, 
6168.556, 9798, 
6168.558, 9798, 
6168.56, 9798, 
6168.562, 9798, 
6168.564, 9798, 
6168.566, 9798, 
6168.568, 9797, 
6168.57, 9798, 
6168.572, 9798, 
6168.574, 9799, 
6168.576, 9797, 
6168.578, 9797, 
6168.58, 9797, 
6168.582, 9797, 
6168.584, 9796, 
6168.586, 9796, 
6168.588, 9796, 
6168.59, 9796, 
6168.592, 9796, 
6168.594, 9795, 
6168.596, 9795, 
6168.598, 9795, 
6168.6, 9794, 
6168.602, 9794, 
6168.604, 9793, 
6168.606, 9793, 
6168.608, 9793, 
6168.61, 9794, 
6168.612, 9793, 
6168.614, 9792, 
6168.616, 9792, 
6168.618, 9792, 
6168.62, 9791, 
6168.622, 9791, 
6168.624, 9790, 
6168.626, 9790, 
6168.628, 9789, 
6168.63, 9788, 
6168.632, 9788, 
6168.634, 9787, 
6168.636, 9786, 
6168.638, 9786, 
6168.64, 9785, 
6168.642, 9783, 
6168.644, 9783, 
6168.646, 9782, 
6168.648, 9781, 
6168.65, 9781, 
6168.652, 9780, 
6168.654, 9779, 
6168.656, 9778, 
6168.658, 9778, 
6168.66, 9777, 
6168.662, 9775, 
6168.664, 9774, 
6168.666, 9773, 
6168.668, 9772, 
6168.67, 9771, 
6168.672, 9770, 
6168.674, 9768, 
6168.676, 9767, 
6168.678, 9766, 
6168.68, 9765, 
6168.682, 9763, 
6168.684, 9763, 
6168.686, 9762, 
6168.688, 9760, 
6168.69, 9759, 
6168.692, 9758, 
6168.694, 9757, 
6168.696, 9755, 
6168.698, 9754, 
6168.7, 9753, 
6168.702, 9752, 
6168.704, 9750, 
6168.706, 9749, 
6168.708, 9748, 
6168.71, 9747, 
6168.712, 9746, 
6168.714, 9745, 
6168.716, 9744, 
6168.718, 9743, 
6168.72, 9742, 
6168.722, 9741, 
6168.724, 9740, 
6168.726, 9738, 
6168.728, 9737, 
6168.73, 9736, 
6168.732, 9734, 
6168.734, 9732, 
6168.736, 9730, 
6168.738, 9728, 
6168.74, 9726, 
6168.742, 9724, 
6168.744, 9722, 
6168.746, 9720, 
6168.748, 9718, 
6168.75, 9716, 
6168.752, 9714, 
6168.754, 9712, 
6168.756, 9709, 
6168.758, 9708, 
6168.76, 9706, 
6168.762, 9704, 
6168.764, 9701, 
6168.766, 9699, 
6168.768, 9698, 
6168.77, 9696, 
6168.772, 9693, 
6168.774, 9692, 
6168.776, 9690, 
6168.778, 9688, 
6168.78, 9686, 
6168.782, 9685, 
6168.784, 9684, 
6168.786, 9682, 
6168.788, 9680, 
6168.79, 9679, 
6168.792, 9677, 
6168.794, 9675, 
6168.796, 9673, 
6168.798, 9673, 
6168.8, 9671, 
6168.802, 9668, 
6168.804, 9667, 
6168.806, 9664, 
6168.808, 9662, 
6168.81, 9660, 
6168.812, 9657, 
6168.814, 9654, 
6168.816, 9652, 
6168.818, 9649, 
6168.82, 9646, 
6168.822, 9642, 
6168.824, 9639, 
6168.826, 9635, 
6168.828, 9633, 
6168.83, 9628, 
6168.832, 9625, 
6168.834, 9621, 
6168.836, 9618, 
6168.838, 9613, 
6168.84, 9609, 
6168.842, 9604, 
6168.844, 9600, 
6168.846, 9594, 
6168.848, 9590, 
6168.85, 9585, 
6168.852, 9579, 
6168.854, 9573, 
6168.856, 9567, 
6168.858, 9560, 
6168.86, 9554, 
6168.862, 9547, 
6168.864, 9540, 
6168.866, 9532, 
6168.868, 9524, 
6168.87, 9515, 
6168.872, 9506, 
6168.874, 9497, 
6168.876, 9487, 
6168.878, 9476, 
6168.88, 9465, 
6168.882, 9454, 
6168.884, 9442, 
6168.886, 9429, 
6168.888, 9416, 
6168.89, 9401, 
6168.892, 9386, 
6168.894, 9370, 
6168.896, 9352, 
6168.898, 9333, 
6168.9, 9312, 
6168.902, 9291, 
6168.904, 9272, 
6168.906, 9248, 
6168.908, 9221, 
6168.91, 9193, 
6168.912, 9164, 
6168.914, 9133, 
6168.916, 9098, 
6168.918, 9061, 
6168.92, 9020, 
6168.922, 8978, 
6168.924, 8932, 
6168.926, 8885, 
6168.928, 8835, 
6168.93, 8781, 
6168.932, 8724, 
6168.934, 8662, 
6168.936, 8597, 
6168.938, 8530, 
6168.94, 8459, 
6168.942, 8385, 
6168.944, 8307, 
6168.946, 8224, 
6168.948, 8138, 
6168.95, 8046, 
6168.952, 7950, 
6168.954, 7844, 
6168.956, 7736, 
6168.958, 7626, 
6168.96, 7516, 
6168.962, 7397, 
6168.964, 7275, 
6168.966, 7149, 
6168.968, 7025, 
6168.97, 6904, 
6168.972, 6779, 
6168.974, 6642, 
6168.976, 6503, 
6168.978, 6365, 
6168.98, 6227, 
6168.982, 6092, 
6168.984, 5955, 
6168.986, 5820, 
6168.988, 5683, 
6168.99, 5543, 
6168.992, 5400, 
6168.994, 5256, 
6168.996, 5111, 
6168.998, 4968, 
6169.0, 4826, 
6169.002, 4688, 
6169.004, 4561, 
6169.006, 4438, 
6169.008, 4315, 
6169.01, 4192, 
6169.012, 4075, 
6169.014, 3965, 
6169.016, 3859, 
6169.018, 3761, 
6169.02, 3666, 
6169.022, 3581, 
6169.024, 3503, 
6169.026, 3433, 
6169.028, 3370, 
6169.03, 3317, 
6169.032, 3268, 
6169.034, 3229, 
6169.036, 3198, 
6169.038, 3173, 
6169.04, 3159, 
6169.042, 3152, 
6169.044, 3156, 
6169.046, 3169, 
6169.048, 3190, 
6169.05, 3217, 
6169.052, 3258, 
6169.054, 3302, 
6169.056, 3359, 
6169.058, 3424, 
6169.06, 3501, 
6169.062, 3586, 
6169.064, 3685, 
6169.066, 3795, 
6169.068, 3913, 
6169.07, 4038, 
6169.072, 4171, 
6169.074, 4313, 
6169.076, 4461, 
6169.078, 4616, 
6169.08, 4776, 
6169.082, 4938, 
6169.084, 5104, 
6169.086, 5274, 
6169.088, 5444, 
6169.09, 5609, 
6169.092, 5770, 
6169.094, 5930, 
6169.096, 6092, 
6169.098, 6258, 
6169.1, 6425, 
6169.102, 6582, 
6169.104, 6731, 
6169.106, 6873, 
6169.108, 7011, 
6169.11, 7144, 
6169.112, 7267, 
6169.114, 7386, 
6169.116, 7499, 
6169.118, 7609, 
6169.12, 7715, 
6169.122, 7821, 
6169.124, 7915, 
6169.126, 8006, 
6169.128, 8091, 
6169.13, 8170, 
6169.132, 8246, 
6169.134, 8321, 
6169.136, 8392, 
6169.138, 8458, 
6169.14, 8518, 
6169.142, 8574, 
6169.144, 8628, 
6169.146, 8678, 
6169.148, 8725, 
6169.15, 8770, 
6169.152, 8814, 
6169.154, 8855, 
6169.156, 8893, 
6169.158, 8928, 
6169.16, 8959, 
6169.162, 8988, 
6169.164, 9017, 
6169.166, 9045, 
6169.168, 9070, 
6169.17, 9095, 
6169.172, 9116, 
6169.174, 9136, 
6169.176, 9156, 
6169.178, 9175, 
6169.18, 9193, 
6169.182, 9210, 
6169.184, 9224, 
6169.186, 9239, 
6169.188, 9253, 
6169.19, 9267, 
6169.192, 9280, 
6169.194, 9293, 
6169.196, 9306, 
6169.198, 9317, 
6169.2, 9328, 
6169.202, 9339, 
6169.204, 9349, 
6169.206, 9359, 
6169.208, 9369, 
6169.21, 9379, 
6169.212, 9388, 
6169.214, 9397, 
6169.216, 9406, 
6169.218, 9415, 
6169.22, 9423, 
6169.222, 9430, 
6169.224, 9439, 
6169.226, 9446, 
6169.228, 9454, 
6169.23, 9461, 
6169.232, 9467, 
6169.234, 9473, 
6169.236, 9479, 
6169.238, 9484, 
6169.24, 9490, 
6169.242, 9495, 
6169.244, 9499, 
6169.246, 9503, 
6169.248, 9507, 
6169.25, 9511, 
6169.252, 9514, 
6169.254, 9516, 
6169.256, 9518, 
6169.258, 9521, 
6169.26, 9523, 
6169.262, 9525, 
6169.264, 9527, 
6169.266, 9527, 
6169.268, 9527, 
6169.27, 9528, 
6169.272, 9528, 
6169.274, 9529, 
6169.276, 9529, 
6169.278, 9529, 
6169.28, 9529, 
6169.282, 9528, 
6169.284, 9527, 
6169.286, 9527, 
6169.288, 9527, 
6169.29, 9526, 
6169.292, 9525, 
6169.294, 9523, 
6169.296, 9523, 
6169.298, 9522, 
6169.3, 9521, 
6169.302, 9519, 
6169.304, 9518, 
6169.306, 9517, 
6169.308, 9515, 
6169.31, 9514, 
6169.312, 9511, 
6169.314, 9509, 
6169.316, 9507, 
6169.318, 9505, 
6169.32, 9503, 
6169.322, 9501, 
6169.324, 9498, 
6169.326, 9495, 
6169.328, 9493, 
6169.33, 9490, 
6169.332, 9487, 
6169.334, 9483, 
6169.336, 9481, 
6169.338, 9478, 
6169.34, 9474, 
6169.342, 9469, 
6169.344, 9465, 
6169.346, 9461, 
6169.348, 9457, 
6169.35, 9452, 
6169.352, 9447, 
6169.354, 9440, 
6169.356, 9434, 
6169.358, 9429, 
6169.36, 9421, 
6169.362, 9415, 
6169.364, 9408, 
6169.366, 9401, 
6169.368, 9393, 
6169.37, 9385, 
6169.372, 9376, 
6169.374, 9366, 
6169.376, 9356, 
6169.378, 9346, 
6169.38, 9335, 
6169.382, 9323, 
6169.384, 9312, 
6169.386, 9300, 
6169.388, 9288, 
6169.39, 9275, 
6169.392, 9261, 
6169.394, 9246, 
6169.396, 9231, 
6169.398, 9217, 
6169.4, 9201, 
6169.402, 9185, 
6169.404, 9168, 
6169.406, 9149, 
6169.408, 9131, 
6169.41, 9111, 
6169.412, 9089, 
6169.414, 9066, 
6169.416, 9041, 
6169.418, 9016, 
6169.42, 8988, 
6169.422, 8959, 
6169.424, 8927, 
6169.426, 8894, 
6169.428, 8857, 
6169.43, 8818, 
6169.432, 8776, 
6169.434, 8733, 
6169.436, 8689, 
6169.438, 8643, 
6169.44, 8594, 
6169.442, 8543, 
6169.444, 8487, 
6169.446, 8425, 
6169.448, 8360, 
6169.45, 8292, 
6169.452, 8222, 
6169.454, 8152, 
6169.456, 8079, 
6169.458, 8006, 
6169.46, 7925, 
6169.462, 7843, 
6169.464, 7755, 
6169.466, 7664, 
6169.468, 7571, 
6169.47, 7476, 
6169.472, 7375, 
6169.474, 7273, 
6169.476, 7164, 
6169.478, 7052, 
6169.48, 6938, 
6169.482, 6818, 
6169.484, 6696, 
6169.486, 6575, 
6169.488, 6451, 
6169.49, 6324, 
6169.492, 6191, 
6169.494, 6059, 
6169.496, 5929, 
6169.498, 5794, 
6169.5, 5654, 
6169.502, 5515, 
6169.504, 5379, 
6169.506, 5242, 
6169.508, 5103, 
6169.51, 4963, 
6169.512, 4824, 
6169.514, 4686, 
6169.516, 4549, 
6169.518, 4416, 
6169.52, 4284, 
6169.522, 4151, 
6169.524, 4022, 
6169.526, 3899, 
6169.528, 3779, 
6169.53, 3665, 
6169.532, 3554, 
6169.534, 3450, 
6169.536, 3350, 
6169.538, 3256, 
6169.54, 3169, 
6169.542, 3087, 
6169.544, 3014, 
6169.546, 2949, 
6169.548, 2892, 
6169.55, 2841, 
6169.552, 2799, 
6169.554, 2759, 
6169.556, 2727, 
6169.558, 2702, 
6169.56, 2682, 
6169.562, 2667, 
6169.564, 2659, 
6169.566, 2658, 
6169.568, 2663, 
6169.57, 2675, 
6169.572, 2692, 
6169.574, 2715, 
6169.576, 2746, 
6169.578, 2786, 
6169.58, 2832, 
6169.582, 2888, 
6169.584, 2953, 
6169.586, 3026, 
6169.588, 3108, 
6169.59, 3197, 
6169.592, 3297, 
6169.594, 3409, 
6169.596, 3530, 
6169.598, 3657, 
6169.6, 3788, 
6169.602, 3928, 
6169.604, 4076, 
6169.606, 4232, 
6169.608, 4393, 
6169.61, 4552, 
6169.612, 4710, 
6169.614, 4872, 
6169.616, 5039, 
6169.618, 5206, 
6169.62, 5374, 
6169.622, 5539, 
6169.624, 5696, 
6169.626, 5853, 
6169.628, 6011, 
6169.63, 6171, 
6169.632, 6328, 
6169.634, 6478, 
6169.636, 6620, 
6169.638, 6755, 
6169.64, 6882, 
6169.642, 7009, 
6169.644, 7135, 
6169.646, 7253, 
6169.648, 7364, 
6169.65, 7468, 
6169.652, 7569, 
6169.654, 7665, 
6169.656, 7756, 
6169.658, 7844, 
6169.66, 7926, 
6169.662, 8004, 
6169.664, 8080, 
6169.666, 8152, 
6169.668, 8222, 
6169.67, 8287, 
6169.672, 8347, 
6169.674, 8406, 
6169.676, 8462, 
6169.678, 8517, 
6169.68, 8568, 
6169.682, 8616, 
6169.684, 8663, 
6169.686, 8707, 
6169.688, 8750, 
6169.69, 8790, 
6169.692, 8829, 
6169.694, 8867, 
6169.696, 8903, 
6169.698, 8937, 
6169.7, 8969, 
6169.702, 8998, 
6169.704, 9027, 
6169.706, 9053, 
6169.708, 9079, 
6169.71, 9102, 
6169.712, 9125, 
6169.714, 9148, 
6169.716, 9171, 
6169.718, 9193, 
6169.72, 9213, 
6169.722, 9235, 
6169.724, 9253, 
6169.726, 9272, 
6169.728, 9290, 
6169.73, 9306, 
6169.732, 9323, 
6169.734, 9338, 
6169.736, 9352, 
6169.738, 9367, 
6169.74, 9381, 
6169.742, 9394, 
6169.744, 9406, 
6169.746, 9418, 
6169.748, 9430, 
6169.75, 9440, 
6169.752, 9450, 
6169.754, 9460, 
6169.756, 9471, 
6169.758, 9481, 
6169.76, 9490, 
6169.762, 9499, 
6169.764, 9507, 
6169.766, 9516, 
6169.768, 9524, 
6169.77, 9531, 
6169.772, 9539, 
6169.774, 9546, 
6169.776, 9552, 
6169.778, 9559, 
6169.78, 9566, 
6169.782, 9572, 
6169.784, 9577, 
6169.786, 9583, 
6169.788, 9589, 
6169.79, 9595, 
6169.792, 9600, 
6169.794, 9604, 
6169.796, 9609, 
6169.798, 9613, 
6169.8, 9617, 
6169.802, 9620, 
6169.804, 9624, 
6169.806, 9627, 
6169.808, 9631, 
6169.81, 9634, 
6169.812, 9636, 
6169.814, 9639, 
6169.816, 9641, 
6169.818, 9643, 
6169.82, 9646, 
6169.822, 9648, 
6169.824, 9650, 
6169.826, 9653, 
6169.828, 9655, 
6169.83, 9656, 
6169.832, 9658, 
6169.834, 9661, 
6169.836, 9662, 
6169.838, 9664, 
6169.84, 9665, 
6169.842, 9666, 
6169.844, 9668, 
6169.846, 9669, 
6169.848, 9670, 
6169.85, 9671, 
6169.852, 9672, 
6169.854, 9672, 
6169.856, 9671, 
6169.858, 9670, 
6169.86, 9670, 
6169.862, 9669, 
6169.864, 9668, 
6169.866, 9667, 
6169.868, 9665, 
6169.87, 9664, 
6169.872, 9661, 
6169.874, 9659, 
6169.876, 9657, 
6169.878, 9654, 
6169.88, 9652, 
6169.882, 9649, 
6169.884, 9645, 
6169.886, 9642, 
6169.888, 9638, 
6169.89, 9634, 
6169.892, 9629, 
6169.894, 9626, 
6169.896, 9621, 
6169.898, 9616, 
6169.9, 9611, 
6169.902, 9606, 
6169.904, 9600, 
6169.906, 9593, 
6169.908, 9587, 
6169.91, 9581, 
6169.912, 9575, 
6169.914, 9568, 
6169.916, 9561, 
6169.918, 9554, 
6169.92, 9548, 
6169.922, 9541, 
6169.924, 9534, 
6169.926, 9527, 
6169.928, 9521, 
6169.93, 9514, 
6169.932, 9506, 
6169.934, 9499, 
6169.936, 9492, 
6169.938, 9486, 
6169.94, 9480, 
6169.942, 9474, 
6169.944, 9469, 
6169.946, 9465, 
6169.948, 9460, 
6169.95, 9456, 
6169.952, 9452, 
6169.954, 9449, 
6169.956, 9446, 
6169.958, 9443, 
6169.96, 9443, 
6169.962, 9444, 
6169.964, 9445, 
6169.966, 9446, 
6169.968, 9449, 
6169.97, 9453, 
6169.972, 9457, 
6169.974, 9462, 
6169.976, 9467, 
6169.978, 9472, 
6169.98, 9478, 
6169.982, 9483, 
6169.984, 9490, 
6169.986, 9497, 
6169.988, 9504, 
6169.99, 9512, 
6169.992, 9519, 
6169.994, 9526, 
6169.996, 9534, 
6169.998, 9541, 
6170.0, 9548, 
6170.002, 9556, 
6170.004, 9564, 
6170.006, 9571, 
6170.008, 9578, 
6170.01, 9585, 
6170.012, 9592, 
6170.014, 9598, 
6170.016, 9605, 
6170.018, 9612, 
6170.02, 9618, 
6170.022, 9624, 
6170.024, 9630, 
6170.026, 9636, 
6170.028, 9642, 
6170.03, 9648, 
6170.032, 9653, 
6170.034, 9658, 
6170.036, 9663, 
6170.038, 9668, 
6170.04, 9673, 
6170.042, 9679, 
6170.044, 9684, 
6170.046, 9688, 
6170.048, 9692, 
6170.05, 9696, 
6170.052, 9701, 
6170.054, 9705, 
6170.056, 9708, 
6170.058, 9712, 
6170.06, 9715, 
6170.062, 9719, 
6170.064, 9722, 
6170.066, 9725, 
6170.068, 9727, 
6170.07, 9730, 
6170.072, 9733, 
6170.074, 9736, 
6170.076, 9738, 
6170.078, 9740, 
6170.08, 9742, 
6170.082, 9744, 
6170.084, 9746, 
6170.086, 9749, 
6170.088, 9750, 
6170.09, 9752, 
6170.092, 9754, 
6170.094, 9755, 
6170.096, 9757, 
6170.098, 9758, 
6170.1, 9760, 
6170.102, 9761, 
6170.104, 9763, 
6170.106, 9764, 
6170.108, 9765, 
6170.11, 9766, 
6170.112, 9767, 
6170.114, 9768, 
6170.116, 9769, 
6170.118, 9769, 
6170.12, 9770, 
6170.122, 9770, 
6170.124, 9770, 
6170.126, 9771, 
6170.128, 9771, 
6170.13, 9771, 
6170.132, 9770, 
6170.134, 9770, 
6170.136, 9770, 
6170.138, 9770, 
6170.14, 9770, 
6170.142, 9770, 
6170.144, 9769, 
6170.146, 9768, 
6170.148, 9768, 
6170.15, 9768, 
6170.152, 9768, 
6170.154, 9767, 
6170.156, 9766, 
6170.158, 9765, 
6170.16, 9765, 
6170.162, 9764, 
6170.164, 9763, 
6170.166, 9762, 
6170.168, 9762, 
6170.17, 9761, 
6170.172, 9759, 
6170.174, 9759, 
6170.176, 9758, 
6170.178, 9757, 
6170.18, 9757, 
6170.182, 9756, 
6170.184, 9755, 
6170.186, 9754, 
6170.188, 9753, 
6170.19, 9753, 
6170.192, 9752, 
6170.194, 9752, 
6170.196, 9752, 
6170.198, 9752, 
6170.2, 9752, 
6170.202, 9751, 
6170.204, 9751, 
6170.206, 9751, 
6170.208, 9751, 
6170.21, 9751, 
6170.212, 9751, 
6170.214, 9752, 
6170.216, 9752, 
6170.218, 9752, 
6170.22, 9752, 
6170.222, 9752, 
6170.224, 9752, 
6170.226, 9753, 
6170.228, 9753, 
6170.23, 9753, 
6170.232, 9754, 
6170.234, 9753, 
6170.236, 9753, 
6170.238, 9753, 
6170.24, 9753, 
6170.242, 9752, 
6170.244, 9752, 
6170.246, 9751, 
6170.248, 9750, 
6170.25, 9749, 
6170.252, 9748, 
6170.254, 9747, 
6170.256, 9746, 
6170.258, 9744, 
6170.26, 9742, 
6170.262, 9740, 
6170.264, 9737, 
6170.266, 9735, 
6170.268, 9732, 
6170.27, 9729, 
6170.272, 9726, 
6170.274, 9722, 
6170.276, 9718, 
6170.278, 9713, 
6170.28, 9709, 
6170.282, 9705, 
6170.284, 9699, 
6170.286, 9693, 
6170.288, 9687, 
6170.29, 9681, 
6170.292, 9675, 
6170.294, 9669, 
6170.296, 9662, 
6170.298, 9654, 
6170.3, 9646, 
6170.302, 9638, 
6170.304, 9629, 
6170.306, 9620, 
6170.308, 9612, 
6170.31, 9602, 
6170.312, 9592, 
6170.314, 9582, 
6170.316, 9572, 
6170.318, 9561, 
6170.32, 9551, 
6170.322, 9540, 
6170.324, 9529, 
6170.326, 9518, 
6170.328, 9508, 
6170.33, 9497, 
6170.332, 9487, 
6170.334, 9476, 
6170.336, 9465, 
6170.338, 9455, 
6170.34, 9444, 
6170.342, 9433, 
6170.344, 9422, 
6170.346, 9411, 
6170.348, 9400, 
6170.35, 9389, 
6170.352, 9377, 
6170.354, 9366, 
6170.356, 9354, 
6170.358, 9343, 
6170.36, 9331, 
6170.362, 9318, 
6170.364, 9305, 
6170.366, 9292, 
6170.368, 9278, 
6170.37, 9265, 
6170.372, 9250, 
6170.374, 9235, 
6170.376, 9220, 
6170.378, 9204, 
6170.38, 9188, 
6170.382, 9169, 
6170.384, 9149, 
6170.386, 9128, 
6170.388, 9106, 
6170.39, 9084, 
6170.392, 9061, 
6170.394, 9035, 
6170.396, 9007, 
6170.398, 8978, 
6170.4, 8947, 
6170.402, 8914, 
6170.404, 8878, 
6170.406, 8839, 
6170.408, 8797, 
6170.41, 8751, 
6170.412, 8703, 
6170.414, 8652, 
6170.416, 8597, 
6170.418, 8539, 
6170.42, 8479, 
6170.422, 8416, 
6170.424, 8350, 
6170.426, 8280, 
6170.428, 8206, 
6170.43, 8128, 
6170.432, 8045, 
6170.434, 7958, 
6170.436, 7865, 
6170.438, 7769, 
6170.44, 7672, 
6170.442, 7573, 
6170.444, 7469, 
6170.446, 7360, 
6170.448, 7249, 
6170.45, 7137, 
6170.452, 7025, 
6170.454, 6911, 
6170.456, 6794, 
6170.458, 6675, 
6170.46, 6556, 
6170.462, 6433, 
6170.464, 6304, 
6170.466, 6176, 
6170.468, 6050, 
6170.47, 5925, 
6170.472, 5800, 
6170.474, 5673, 
6170.476, 5545, 
6170.478, 5417, 
6170.48, 5294, 
6170.482, 5174, 
6170.484, 5059, 
6170.486, 4945, 
6170.488, 4833, 
6170.49, 4727, 
6170.492, 4627, 
6170.494, 4534, 
6170.496, 4448, 
6170.498, 4370, 
6170.5, 4300, 
6170.502, 4240, 
6170.504, 4190, 
6170.506, 4146, 
6170.508, 4111, 
6170.51, 4085, 
6170.512, 4068, 
6170.514, 4059, 
6170.516, 4060, 
6170.518, 4070, 
6170.52, 4090, 
6170.522, 4121, 
6170.524, 4161, 
6170.526, 4212, 
6170.528, 4273, 
6170.53, 4341, 
6170.532, 4417, 
6170.534, 4501, 
6170.536, 4591, 
6170.538, 4688, 
6170.54, 4793, 
6170.542, 4904, 
6170.544, 5019, 
6170.546, 5133, 
6170.548, 5248, 
6170.55, 5370, 
6170.552, 5498, 
6170.554, 5627, 
6170.556, 5750, 
6170.558, 5869, 
6170.56, 5983, 
6170.562, 6091, 
6170.564, 6197, 
6170.566, 6304, 
6170.568, 6410, 
6170.57, 6516, 
6170.572, 6619, 
6170.574, 6719, 
6170.576, 6818, 
6170.578, 6916, 
6170.58, 7012, 
6170.582, 7104, 
6170.584, 7192, 
6170.586, 7279, 
6170.588, 7363, 
6170.59, 7442, 
6170.592, 7520, 
6170.594, 7597, 
6170.596, 7674, 
6170.598, 7751, 
6170.6, 7828, 
6170.602, 7904, 
6170.604, 7980, 
6170.606, 8054, 
6170.608, 8126, 
6170.61, 8195, 
6170.612, 8261, 
6170.614, 8325, 
6170.616, 8386, 
6170.618, 8444, 
6170.62, 8501, 
6170.622, 8555, 
6170.624, 8609, 
6170.626, 8660, 
6170.628, 8711, 
6170.63, 8761, 
6170.632, 8810, 
6170.634, 8856, 
6170.636, 8902, 
6170.638, 8946, 
6170.64, 8989, 
6170.642, 9030, 
6170.644, 9070, 
6170.646, 9108, 
6170.648, 9145, 
6170.65, 9179, 
6170.652, 9211, 
6170.654, 9241, 
6170.656, 9270, 
6170.658, 9297, 
6170.66, 9323, 
6170.662, 9347, 
6170.664, 9369, 
6170.666, 9389, 
6170.668, 9408, 
6170.67, 9426, 
6170.672, 9443, 
6170.674, 9459, 
6170.676, 9475, 
6170.678, 9490, 
6170.68, 9504, 
6170.682, 9518, 
6170.684, 9531, 
6170.686, 9544, 
6170.688, 9557, 
6170.69, 9569, 
6170.692, 9579, 
6170.694, 9590, 
6170.696, 9600, 
6170.698, 9609, 
6170.7, 9619, 
6170.702, 9627, 
6170.704, 9635, 
6170.706, 9643, 
6170.708, 9650, 
6170.71, 9657, 
6170.712, 9663, 
6170.714, 9669, 
6170.716, 9675, 
6170.718, 9681, 
6170.72, 9685, 
6170.722, 9689, 
6170.724, 9693, 
6170.726, 9696, 
6170.728, 9699, 
6170.73, 9702, 
6170.732, 9705, 
6170.734, 9708, 
6170.736, 9710, 
6170.738, 9712, 
6170.74, 9713, 
6170.742, 9714, 
6170.744, 9715, 
6170.746, 9716, 
6170.748, 9716, 
6170.75, 9716, 
6170.752, 9716, 
6170.754, 9716, 
6170.756, 9715, 
6170.758, 9714, 
6170.76, 9712, 
6170.762, 9710, 
6170.764, 9709, 
6170.766, 9707, 
6170.768, 9704, 
6170.77, 9701, 
6170.772, 9698, 
6170.774, 9694, 
6170.776, 9690, 
6170.778, 9686, 
6170.78, 9682, 
6170.782, 9677, 
6170.784, 9672, 
6170.786, 9667, 
6170.788, 9661, 
6170.79, 9656, 
6170.792, 9650, 
6170.794, 9644, 
6170.796, 9638, 
6170.798, 9632, 
6170.8, 9626, 
6170.802, 9620, 
6170.804, 9614, 
6170.806, 9608, 
6170.808, 9602, 
6170.81, 9597, 
6170.812, 9592, 
6170.814, 9587, 
6170.816, 9583, 
6170.818, 9579, 
6170.82, 9576, 
6170.822, 9573, 
6170.824, 9571, 
6170.826, 9569, 
6170.828, 9568, 
6170.83, 9567, 
6170.832, 9567, 
6170.834, 9567, 
6170.836, 9567, 
6170.838, 9569, 
6170.84, 9571, 
6170.842, 9573, 
6170.844, 9576, 
6170.846, 9579, 
6170.848, 9583, 
6170.85, 9587, 
6170.852, 9592, 
6170.854, 9597, 
6170.856, 9603, 
6170.858, 9608, 
6170.86, 9614, 
6170.862, 9620, 
6170.864, 9626, 
6170.866, 9632, 
6170.868, 9638, 
6170.87, 9645, 
6170.872, 9652, 
6170.874, 9658, 
6170.876, 9664, 
6170.878, 9671, 
6170.88, 9678, 
6170.882, 9685, 
6170.884, 9691, 
6170.886, 9698, 
6170.888, 9704, 
6170.89, 9710, 
6170.892, 9715, 
6170.894, 9721, 
6170.896, 9726, 
6170.898, 9730, 
6170.9, 9735, 
6170.902, 9739, 
6170.904, 9743, 
6170.906, 9746, 
6170.908, 9749, 
6170.91, 9752, 
6170.912, 9755, 
6170.914, 9756, 
6170.916, 9758, 
6170.918, 9759, 
6170.92, 9760, 
6170.922, 9760, 
6170.924, 9760, 
6170.926, 9759, 
6170.928, 9759, 
6170.93, 9758, 
6170.932, 9755, 
6170.934, 9754, 
6170.936, 9751, 
6170.938, 9748, 
6170.94, 9745, 
6170.942, 9742, 
6170.944, 9739, 
6170.946, 9735, 
6170.948, 9731, 
6170.95, 9726, 
6170.952, 9721, 
6170.954, 9715, 
6170.956, 9709, 
6170.958, 9703, 
6170.96, 9696, 
6170.962, 9689, 
6170.964, 9682, 
6170.966, 9674, 
6170.968, 9667, 
6170.97, 9658, 
6170.972, 9650, 
6170.974, 9640, 
6170.976, 9631, 
6170.978, 9623, 
6170.98, 9614, 
6170.982, 9605, 
6170.984, 9596, 
6170.986, 9588, 
6170.988, 9580, 
6170.99, 9571, 
6170.992, 9564, 
6170.994, 9558, 
6170.996, 9552, 
6170.998, 9548, 
6171.0, 9544, 
6171.002, 9541, 
6171.004, 9538, 
6171.006, 9536, 
6171.008, 9534, 
6171.01, 9534, 
6171.012, 9534, 
6171.014, 9535, 
6171.016, 9536, 
6171.018, 9538, 
6171.02, 9542, 
6171.022, 9545, 
6171.024, 9549, 
6171.026, 9554, 
6171.028, 9560, 
6171.03, 9567, 
6171.032, 9573, 
6171.034, 9581, 
6171.036, 9589, 
6171.038, 9597, 
6171.04, 9606, 
6171.042, 9615, 
6171.044, 9623, 
6171.046, 9632, 
6171.048, 9641, 
6171.05, 9650, 
6171.052, 9659, 
6171.054, 9668, 
6171.056, 9676, 
6171.058, 9685, 
6171.06, 9693, 
6171.062, 9702, 
6171.064, 9711, 
6171.066, 9718, 
6171.068, 9726, 
6171.07, 9733, 
6171.072, 9740, 
6171.074, 9747, 
6171.076, 9753, 
6171.078, 9759, 
6171.08, 9765, 
6171.082, 9770, 
6171.084, 9775, 
6171.086, 9780, 
6171.088, 9785, 
6171.09, 9789, 
6171.092, 9793, 
6171.094, 9796, 
6171.096, 9800, 
6171.098, 9803, 
6171.1, 9806, 
6171.102, 9808, 
6171.104, 9811, 
6171.106, 9813, 
6171.108, 9815, 
6171.11, 9817, 
6171.112, 9819, 
6171.114, 9820, 
6171.116, 9821, 
6171.118, 9822, 
6171.12, 9823, 
6171.122, 9824, 
6171.124, 9824, 
6171.126, 9826, 
6171.128, 9827, 
6171.13, 9827, 
6171.132, 9828, 
6171.134, 9828, 
6171.136, 9828, 
6171.138, 9829, 
6171.14, 9829, 
6171.142, 9830, 
6171.144, 9830, 
6171.146, 9830, 
6171.148, 9831, 
6171.15, 9831, 
6171.152, 9831, 
6171.154, 9832, 
6171.156, 9832, 
6171.158, 9832, 
6171.16, 9833, 
6171.162, 9833, 
6171.164, 9834, 
6171.166, 9834, 
6171.168, 9834, 
6171.17, 9834, 
6171.172, 9834, 
6171.174, 9834, 
6171.176, 9834, 
6171.178, 9834, 
6171.18, 9835, 
6171.182, 9835, 
6171.184, 9835, 
6171.186, 9835, 
6171.188, 9835, 
6171.19, 9835, 
6171.192, 9835, 
6171.194, 9835, 
6171.196, 9834, 
6171.198, 9834, 
6171.2, 9835, 
6171.202, 9834, 
6171.204, 9834, 
6171.206, 9834, 
6171.208, 9834, 
6171.21, 9833, 
6171.212, 9833, 
6171.214, 9832, 
6171.216, 9832, 
6171.218, 9832, 
6171.22, 9832, 
6171.222, 9831, 
6171.224, 9831, 
6171.226, 9831, 
6171.228, 9830, 
6171.23, 9830, 
6171.232, 9831, 
6171.234, 9830, 
6171.236, 9830, 
6171.238, 9829, 
6171.24, 9829, 
6171.242, 9829, 
6171.244, 9829, 
6171.246, 9829, 
6171.248, 9830, 
6171.25, 9830, 
6171.252, 9831, 
6171.254, 9831, 
6171.256, 9831, 
6171.258, 9832, 
6171.26, 9833, 
6171.262, 9834, 
6171.264, 9834, 
6171.266, 9835, 
6171.268, 9836, 
6171.27, 9837, 
6171.272, 9838, 
6171.274, 9839, 
6171.276, 9840, 
6171.278, 9842, 
6171.28, 9844, 
6171.282, 9845, 
6171.284, 9846, 
6171.286, 9847, 
6171.288, 9848, 
6171.29, 9849, 
6171.292, 9850, 
6171.294, 9852, 
6171.296, 9853, 
6171.298, 9854, 
6171.3, 9855, 
6171.302, 9856, 
6171.304, 9857, 
6171.306, 9858, 
6171.308, 9859, 
6171.31, 9859, 
6171.312, 9860, 
6171.314, 9861, 
6171.316, 9862, 
6171.318, 9863, 
6171.32, 9863, 
6171.322, 9863, 
6171.324, 9864, 
6171.326, 9865, 
6171.328, 9865, 
6171.33, 9866, 
6171.332, 9867, 
6171.334, 9867, 
6171.336, 9868, 
6171.338, 9869, 
6171.34, 9870, 
6171.342, 9870, 
6171.344, 9871, 
6171.346, 9872, 
6171.348, 9873, 
6171.35, 9873, 
6171.352, 9874, 
6171.354, 9875, 
6171.356, 9876, 
6171.358, 9876, 
6171.36, 9876, 
6171.362, 9877, 
6171.364, 9878, 
6171.366, 9878, 
6171.368, 9878, 
6171.37, 9878, 
6171.372, 9879, 
6171.374, 9879, 
6171.376, 9879, 
6171.378, 9879, 
6171.38, 9879, 
6171.382, 9879, 
6171.384, 9879, 
6171.386, 9879, 
6171.388, 9879, 
6171.39, 9878, 
6171.392, 9878, 
6171.394, 9877, 
6171.396, 9877, 
6171.398, 9877, 
6171.4, 9876, 
6171.402, 9876, 
6171.404, 9876, 
6171.406, 9875, 
6171.408, 9874, 
6171.41, 9874, 
6171.412, 9873, 
6171.414, 9872, 
6171.416, 9872, 
6171.418, 9872, 
6171.42, 9871, 
6171.422, 9871, 
6171.424, 9870, 
6171.426, 9870, 
6171.428, 9869, 
6171.43, 9868, 
6171.432, 9867, 
6171.434, 9866, 
6171.436, 9866, 
6171.438, 9865, 
6171.44, 9864, 
6171.442, 9864, 
6171.444, 9863, 
6171.446, 9862, 
6171.448, 9861, 
6171.45, 9861, 
6171.452, 9861, 
6171.454, 9860, 
6171.456, 9860, 
6171.458, 9859, 
6171.46, 9859, 
6171.462, 9859, 
6171.464, 9859, 
6171.466, 9858, 
6171.468, 9858, 
6171.47, 9858, 
6171.472, 9858, 
6171.474, 9859, 
6171.476, 9859, 
6171.478, 9858, 
6171.48, 9858, 
6171.482, 9859, 
6171.484, 9859, 
6171.486, 9860, 
6171.488, 9860, 
6171.49, 9860, 
6171.492, 9860, 
6171.494, 9860, 
6171.496, 9860, 
6171.498, 9861, 
6171.5, 9861, 
6171.502, 9861, 
6171.504, 9861, 
6171.506, 9861, 
6171.508, 9861, 
6171.51, 9862, 
6171.512, 9861, 
6171.514, 9861, 
6171.516, 9861, 
6171.518, 9861, 
6171.52, 9861, 
6171.522, 9861, 
6171.524, 9861, 
6171.526, 9861, 
6171.528, 9862, 
6171.53, 9862, 
6171.532, 9862, 
6171.534, 9862, 
6171.536, 9863, 
6171.538, 9863, 
6171.54, 9864, 
6171.542, 9865, 
6171.544, 9865, 
6171.546, 9865, 
6171.548, 9865, 
6171.55, 9866, 
6171.552, 9867, 
6171.554, 9867, 
6171.556, 9867, 
6171.558, 9868, 
6171.56, 9869, 
6171.562, 9870, 
6171.564, 9870, 
6171.566, 9870, 
6171.568, 9871, 
6171.57, 9871, 
6171.572, 9872, 
6171.574, 9873, 
6171.576, 9874, 
6171.578, 9875, 
6171.58, 9875, 
6171.582, 9876, 
6171.584, 9877, 
6171.586, 9878, 
6171.588, 9879, 
6171.59, 9880, 
6171.592, 9880, 
6171.594, 9881, 
6171.596, 9882, 
6171.598, 9883, 
6171.6, 9884, 
6171.602, 9885, 
6171.604, 9886, 
6171.606, 9887, 
6171.608, 9887, 
6171.61, 9888, 
6171.612, 9888, 
6171.614, 9889, 
6171.616, 9889, 
6171.618, 9889, 
6171.62, 9889, 
6171.622, 9889, 
6171.624, 9889, 
6171.626, 9889, 
6171.628, 9889, 
6171.63, 9889, 
6171.632, 9889, 
6171.634, 9888, 
6171.636, 9888, 
6171.638, 9887, 
6171.64, 9887, 
6171.642, 9886, 
6171.644, 9886, 
6171.646, 9886, 
6171.648, 9886, 
6171.65, 9886, 
6171.652, 9886, 
6171.654, 9886, 
6171.656, 9886, 
6171.658, 9885, 
6171.66, 9885, 
6171.662, 9886, 
6171.664, 9886, 
6171.666, 9886, 
6171.668, 9886, 
6171.67, 9886, 
6171.672, 9886, 
6171.674, 9886, 
6171.676, 9887, 
6171.678, 9887, 
6171.68, 9888, 
6171.682, 9888, 
6171.684, 9888, 
6171.686, 9888, 
6171.688, 9889, 
6171.69, 9889, 
6171.692, 9889, 
6171.694, 9889, 
6171.696, 9889, 
6171.698, 9889, 
6171.7, 9890, 
6171.702, 9889, 
6171.704, 9889, 
6171.706, 9889, 
6171.708, 9889, 
6171.71, 9888, 
6171.712, 9888, 
6171.714, 9888, 
6171.716, 9887, 
6171.718, 9886, 
6171.72, 9885, 
6171.722, 9885, 
6171.724, 9884, 
6171.726, 9883, 
6171.728, 9882, 
6171.73, 9881, 
6171.732, 9880, 
6171.734, 9879, 
6171.736, 9878, 
6171.738, 9876, 
6171.74, 9875, 
6171.742, 9874, 
6171.744, 9873, 
6171.746, 9872, 
6171.748, 9871, 
6171.75, 9870, 
6171.752, 9869, 
6171.754, 9869, 
6171.756, 9869, 
6171.758, 9868, 
6171.76, 9868, 
6171.762, 9868, 
6171.764, 9868, 
6171.766, 9868, 
6171.768, 9868, 
6171.77, 9869, 
6171.772, 9869, 
6171.774, 9869, 
6171.776, 9870, 
6171.778, 9871, 
6171.78, 9872, 
6171.782, 9872, 
6171.784, 9873, 
6171.786, 9874, 
6171.788, 9874, 
6171.79, 9875, 
6171.792, 9875, 
6171.794, 9876, 
6171.796, 9876, 
6171.798, 9876, 
6171.8, 9876, 
6171.802, 9877, 
6171.804, 9877, 
6171.806, 9876, 
6171.808, 9875, 
6171.81, 9875, 
6171.812, 9875, 
6171.814, 9874, 
6171.816, 9872, 
6171.818, 9871, 
6171.82, 9870, 
6171.822, 9869, 
6171.824, 9868, 
6171.826, 9867, 
6171.828, 9866, 
6171.83, 9865, 
6171.832, 9863, 
6171.834, 9862, 
6171.836, 9860, 
6171.838, 9859, 
6171.84, 9858, 
6171.842, 9856, 
6171.844, 9854, 
6171.846, 9853, 
6171.848, 9852, 
6171.85, 9850, 
6171.852, 9848, 
6171.854, 9846, 
6171.856, 9845, 
6171.858, 9843, 
6171.86, 9841, 
6171.862, 9840, 
6171.864, 9838, 
6171.866, 9836, 
6171.868, 9834, 
6171.87, 9832, 
6171.872, 9830, 
6171.874, 9829, 
6171.876, 9827, 
6171.878, 9825, 
6171.88, 9824, 
6171.882, 9822, 
6171.884, 9821, 
6171.886, 9819, 
6171.888, 9818, 
6171.89, 9817, 
6171.892, 9817, 
6171.894, 9816, 
6171.896, 9815, 
6171.898, 9815, 
6171.9, 9815, 
6171.902, 9815, 
6171.904, 9816, 
6171.906, 9816, 
6171.908, 9817, 
6171.91, 9818, 
6171.912, 9820, 
6171.914, 9821, 
6171.916, 9822, 
6171.918, 9823, 
6171.92, 9825, 
6171.922, 9827, 
6171.924, 9828, 
6171.926, 9830, 
6171.928, 9832, 
6171.93, 9834, 
6171.932, 9835, 
6171.934, 9837, 
6171.936, 9839, 
6171.938, 9840, 
6171.94, 9841, 
6171.942, 9843, 
6171.944, 9844, 
6171.946, 9844, 
6171.948, 9845, 
6171.95, 9847, 
6171.952, 9848, 
6171.954, 9849, 
6171.956, 9849, 
6171.958, 9850, 
6171.96, 9850, 
6171.962, 9850, 
6171.964, 9850, 
6171.966, 9850, 
6171.968, 9850, 
6171.97, 9849, 
6171.972, 9848, 
6171.974, 9848, 
6171.976, 9847, 
6171.978, 9846, 
6171.98, 9845, 
6171.982, 9843, 
6171.984, 9842, 
6171.986, 9841, 
6171.988, 9839, 
6171.99, 9837, 
6171.992, 9835, 
6171.994, 9834, 
6171.996, 9832, 
6171.998, 9830, 
6172.0, 9828, 
6172.002, 9827, 
6172.004, 9825, 
6172.006, 9823, 
6172.008, 9822, 
6172.01, 9821, 
6172.012, 9819, 
6172.014, 9818, 
6172.016, 9816, 
6172.018, 9816, 
6172.02, 9815, 
6172.022, 9814, 
6172.024, 9813, 
6172.026, 9812, 
6172.028, 9812, 
6172.03, 9811, 
6172.032, 9811, 
6172.034, 9811, 
6172.036, 9810, 
6172.038, 9810, 
6172.04, 9810, 
6172.042, 9810, 
6172.044, 9810, 
6172.046, 9810, 
6172.048, 9810, 
6172.05, 9810, 
6172.052, 9811, 
6172.054, 9812, 
6172.056, 9813, 
6172.058, 9814, 
6172.06, 9815, 
6172.062, 9817, 
6172.064, 9818, 
6172.066, 9820, 
6172.068, 9822, 
6172.07, 9823, 
6172.072, 9825, 
6172.074, 9827, 
6172.076, 9829, 
6172.078, 9831, 
6172.08, 9833, 
6172.082, 9836, 
6172.084, 9838, 
6172.086, 9840, 
6172.088, 9843, 
6172.09, 9845, 
6172.092, 9847, 
6172.094, 9850, 
6172.096, 9852, 
6172.098, 9854, 
6172.1, 9856, 
6172.102, 9858, 
6172.104, 9860, 
6172.106, 9862, 
6172.108, 9863, 
6172.11, 9865, 
6172.112, 9867, 
6172.114, 9868, 
6172.116, 9869, 
6172.118, 9870, 
6172.12, 9871, 
6172.122, 9872, 
6172.124, 9873, 
6172.126, 9874, 
6172.128, 9874, 
6172.13, 9875, 
6172.132, 9876, 
6172.134, 9876, 
6172.136, 9876, 
6172.138, 9876, 
6172.14, 9877, 
6172.142, 9877, 
6172.144, 9877, 
6172.146, 9876, 
6172.148, 9876, 
6172.15, 9876, 
6172.152, 9876, 
6172.154, 9875, 
6172.156, 9874, 
6172.158, 9874, 
6172.16, 9873, 
6172.162, 9872, 
6172.164, 9871, 
6172.166, 9871, 
6172.168, 9870, 
6172.17, 9869, 
6172.172, 9868, 
6172.174, 9866, 
6172.176, 9865, 
6172.178, 9864, 
6172.18, 9863, 
6172.182, 9861, 
6172.184, 9860, 
6172.186, 9859, 
6172.188, 9857, 
6172.19, 9856, 
6172.192, 9854, 
6172.194, 9853, 
6172.196, 9851, 
6172.198, 9850, 
6172.2, 9849, 
6172.202, 9847, 
6172.204, 9846, 
6172.206, 9845, 
6172.208, 9845, 
6172.21, 9844, 
6172.212, 9843, 
6172.214, 9843, 
6172.216, 9843, 
6172.218, 9843, 
6172.22, 9843, 
6172.222, 9843, 
6172.224, 9843, 
6172.226, 9843, 
6172.228, 9843, 
6172.23, 9843, 
6172.232, 9844, 
6172.234, 9844, 
6172.236, 9845, 
6172.238, 9846, 
6172.24, 9848, 
6172.242, 9849, 
6172.244, 9850, 
6172.246, 9852, 
6172.248, 9853, 
6172.25, 9854, 
6172.252, 9856, 
6172.254, 9857, 
6172.256, 9858, 
6172.258, 9859, 
6172.26, 9861, 
6172.262, 9862, 
6172.264, 9863, 
6172.266, 9864, 
6172.268, 9866, 
6172.27, 9867, 
6172.272, 9868, 
6172.274, 9870, 
6172.276, 9871, 
6172.278, 9872, 
6172.28, 9873, 
6172.282, 9874, 
6172.284, 9875, 
6172.286, 9877, 
6172.288, 9878, 
6172.29, 9879, 
6172.292, 9880, 
6172.294, 9880, 
6172.296, 9881, 
6172.298, 9882, 
6172.3, 9883, 
6172.302, 9884, 
6172.304, 9885, 
6172.306, 9885, 
6172.308, 9886, 
6172.31, 9886, 
6172.312, 9887, 
6172.314, 9887, 
6172.316, 9887, 
6172.318, 9888, 
6172.32, 9888, 
6172.322, 9889, 
6172.324, 9889, 
6172.326, 9889, 
6172.328, 9889, 
6172.33, 9889, 
6172.332, 9889, 
6172.334, 9889, 
6172.336, 9889, 
6172.338, 9889, 
6172.34, 9890, 
6172.342, 9890, 
6172.344, 9890, 
6172.346, 9890, 
6172.348, 9890, 
6172.35, 9890, 
6172.352, 9889, 
6172.354, 9889, 
6172.356, 9889, 
6172.358, 9888, 
6172.36, 9887, 
6172.362, 9887, 
6172.364, 9887, 
6172.366, 9886, 
6172.368, 9886, 
6172.37, 9885, 
6172.372, 9884, 
6172.374, 9883, 
6172.376, 9882, 
6172.378, 9881, 
6172.38, 9880, 
6172.382, 9879, 
6172.384, 9878, 
6172.386, 9876, 
6172.388, 9875, 
6172.39, 9874, 
6172.392, 9873, 
6172.394, 9872, 
6172.396, 9870, 
6172.398, 9869, 
6172.4, 9868, 
6172.402, 9866, 
6172.404, 9865, 
6172.406, 9864, 
6172.408, 9862, 
6172.41, 9861, 
6172.412, 9859, 
6172.414, 9858, 
6172.416, 9856, 
6172.418, 9855, 
6172.42, 9853, 
6172.422, 9852, 
6172.424, 9850, 
6172.426, 9849, 
6172.428, 9848, 
6172.43, 9846, 
6172.432, 9845, 
6172.434, 9843, 
6172.436, 9842, 
6172.438, 9840, 
6172.44, 9839, 
6172.442, 9838, 
6172.444, 9837, 
6172.446, 9835, 
6172.448, 9833, 
6172.45, 9832, 
6172.452, 9831, 
6172.454, 9830, 
6172.456, 9828, 
6172.458, 9827, 
6172.46, 9827, 
6172.462, 9826, 
6172.464, 9825, 
6172.466, 9825, 
6172.468, 9824, 
6172.47, 9824, 
6172.472, 9823, 
6172.474, 9823, 
6172.476, 9823, 
6172.478, 9823, 
6172.48, 9823, 
6172.482, 9824, 
6172.484, 9824, 
6172.486, 9824, 
6172.488, 9825, 
6172.49, 9826, 
6172.492, 9826, 
6172.494, 9826, 
6172.496, 9827, 
6172.498, 9828, 
6172.5, 9829, 
6172.502, 9830, 
6172.504, 9830, 
6172.506, 9831, 
6172.508, 9832, 
6172.51, 9833, 
6172.512, 9834, 
6172.514, 9836, 
6172.516, 9837, 
6172.518, 9838, 
6172.52, 9839, 
6172.522, 9840, 
6172.524, 9841, 
6172.526, 9841, 
6172.528, 9842, 
6172.53, 9844, 
6172.532, 9845, 
6172.534, 9845, 
6172.536, 9846, 
6172.538, 9847, 
6172.54, 9848, 
6172.542, 9849, 
6172.544, 9850, 
6172.546, 9850, 
6172.548, 9851, 
6172.55, 9851, 
6172.552, 9852, 
6172.554, 9853, 
6172.556, 9853, 
6172.558, 9853, 
6172.56, 9854, 
6172.562, 9854, 
6172.564, 9854, 
6172.566, 9855, 
6172.568, 9856, 
6172.57, 9856, 
6172.572, 9856, 
6172.574, 9857, 
6172.576, 9857, 
6172.578, 9858, 
6172.58, 9859, 
6172.582, 9859, 
6172.584, 9859, 
6172.586, 9860, 
6172.588, 9860, 
6172.59, 9860, 
6172.592, 9860, 
6172.594, 9861, 
6172.596, 9861, 
6172.598, 9861, 
6172.6, 9861, 
6172.602, 9861, 
6172.604, 9862, 
6172.606, 9862, 
6172.608, 9861, 
6172.61, 9861, 
6172.612, 9861, 
6172.614, 9861, 
6172.616, 9861, 
6172.618, 9861, 
6172.62, 9861, 
6172.622, 9861, 
6172.624, 9860, 
6172.626, 9859, 
6172.628, 9859, 
6172.63, 9858, 
6172.632, 9857, 
6172.634, 9855, 
6172.636, 9854, 
6172.638, 9853, 
6172.64, 9851, 
6172.642, 9849, 
6172.644, 9847, 
6172.646, 9845, 
6172.648, 9843, 
6172.65, 9840, 
6172.652, 9836, 
6172.654, 9834, 
6172.656, 9831, 
6172.658, 9827, 
6172.66, 9823, 
6172.662, 9820, 
6172.664, 9816, 
6172.666, 9812, 
6172.668, 9808, 
6172.67, 9803, 
6172.672, 9799, 
6172.674, 9794, 
6172.676, 9790, 
6172.678, 9785, 
6172.68, 9781, 
6172.682, 9776, 
6172.684, 9771, 
6172.686, 9766, 
6172.688, 9761, 
6172.69, 9756, 
6172.692, 9751, 
6172.694, 9746, 
6172.696, 9741, 
6172.698, 9737, 
6172.7, 9732, 
6172.702, 9728, 
6172.704, 9725, 
6172.706, 9722, 
6172.708, 9718, 
6172.71, 9715, 
6172.712, 9713, 
6172.714, 9711, 
6172.716, 9709, 
6172.718, 9708, 
6172.72, 9706, 
6172.722, 9706, 
6172.724, 9706, 
6172.726, 9706, 
6172.728, 9706, 
6172.73, 9707, 
6172.732, 9708, 
6172.734, 9709, 
6172.736, 9711, 
6172.738, 9713, 
6172.74, 9715, 
6172.742, 9717, 
6172.744, 9720, 
6172.746, 9723, 
6172.748, 9726, 
6172.75, 9730, 
6172.752, 9734, 
6172.754, 9737, 
6172.756, 9741, 
6172.758, 9746, 
6172.76, 9750, 
6172.762, 9754, 
6172.764, 9759, 
6172.766, 9763, 
6172.768, 9768, 
6172.77, 9772, 
6172.772, 9777, 
6172.774, 9782, 
6172.776, 9786, 
6172.778, 9790, 
6172.78, 9794, 
6172.782, 9798, 
6172.784, 9801, 
6172.786, 9805, 
6172.788, 9809, 
6172.79, 9812, 
6172.792, 9815, 
6172.794, 9818, 
6172.796, 9822, 
6172.798, 9825, 
6172.8, 9828, 
6172.802, 9831, 
6172.804, 9834, 
6172.806, 9837, 
6172.808, 9840, 
6172.81, 9843, 
6172.812, 9845, 
6172.814, 9848, 
6172.816, 9851, 
6172.818, 9853, 
6172.82, 9856, 
6172.822, 9858, 
6172.824, 9860, 
6172.826, 9862, 
6172.828, 9863, 
6172.83, 9865, 
6172.832, 9867, 
6172.834, 9868, 
6172.836, 9869, 
6172.838, 9871, 
6172.84, 9872, 
6172.842, 9873, 
6172.844, 9873, 
6172.846, 9874, 
6172.848, 9874, 
6172.85, 9875, 
6172.852, 9876, 
6172.854, 9876, 
6172.856, 9876, 
6172.858, 9876, 
6172.86, 9877, 
6172.862, 9878, 
6172.864, 9879, 
6172.866, 9879, 
6172.868, 9879, 
6172.87, 9880, 
6172.872, 9880, 
6172.874, 9881, 
6172.876, 9882, 
6172.878, 9883, 
6172.88, 9884, 
6172.882, 9885, 
6172.884, 9886, 
6172.886, 9887, 
6172.888, 9887, 
6172.89, 9888, 
6172.892, 9888, 
6172.894, 9889, 
6172.896, 9889, 
6172.898, 9890, 
6172.9, 9890, 
6172.902, 9891, 
6172.904, 9890, 
6172.906, 9890, 
6172.908, 9890, 
6172.91, 9890, 
6172.912, 9889, 
6172.914, 9889, 
6172.916, 9889, 
6172.918, 9888, 
6172.92, 9888, 
6172.922, 9887, 
6172.924, 9887, 
6172.926, 9886, 
6172.928, 9885, 
6172.93, 9885, 
6172.932, 9885, 
6172.934, 9885, 
6172.936, 9884, 
6172.938, 9884, 
6172.94, 9883, 
6172.942, 9883, 
6172.944, 9882, 
6172.946, 9882, 
6172.948, 9882, 
6172.95, 9881, 
6172.952, 9881, 
6172.954, 9880, 
6172.956, 9879, 
6172.958, 9879, 
6172.96, 9879, 
6172.962, 9878, 
6172.964, 9877, 
6172.966, 9875, 
6172.968, 9874, 
6172.97, 9873, 
6172.972, 9872, 
6172.974, 9871, 
6172.976, 9869, 
6172.978, 9868, 
6172.98, 9867, 
6172.982, 9865, 
6172.984, 9863, 
6172.986, 9862, 
6172.988, 9860, 
6172.99, 9859, 
6172.992, 9857, 
6172.994, 9855, 
6172.996, 9854, 
6172.998, 9851, 
6173.0, 9850, 
6173.002, 9850, 
6173.004, 9848, 
6173.006, 9847, 
6173.008, 9846, 
6173.01, 9844, 
6173.012, 9843, 
6173.014, 9842, 
6173.016, 9841, 
6173.018, 9840, 
6173.02, 9839, 
6173.022, 9839, 
6173.024, 9838, 
6173.026, 9838, 
6173.028, 9837, 
6173.03, 9837, 
6173.032, 9837, 
6173.034, 9837, 
6173.036, 9837, 
6173.038, 9837, 
6173.04, 9837, 
6173.042, 9837, 
6173.044, 9837, 
6173.046, 9837, 
6173.048, 9837, 
6173.05, 9837, 
6173.052, 9837, 
6173.054, 9838, 
6173.056, 9838, 
6173.058, 9838, 
6173.06, 9839, 
6173.062, 9840, 
6173.064, 9840, 
6173.066, 9840, 
6173.068, 9841, 
6173.07, 9841, 
6173.072, 9843, 
6173.074, 9844, 
6173.076, 9844, 
6173.078, 9846, 
6173.08, 9847, 
6173.082, 9847, 
6173.084, 9848, 
6173.086, 9849, 
6173.088, 9851, 
6173.09, 9852, 
6173.092, 9853, 
6173.094, 9854, 
6173.096, 9854, 
6173.098, 9854, 
6173.1, 9855, 
6173.102, 9856, 
6173.104, 9856, 
6173.106, 9856, 
6173.108, 9856, 
6173.11, 9856, 
6173.112, 9856, 
6173.114, 9856, 
6173.116, 9856, 
6173.118, 9855, 
6173.12, 9855, 
6173.122, 9855, 
6173.124, 9855, 
6173.126, 9854, 
6173.128, 9853, 
6173.13, 9853, 
6173.132, 9852, 
6173.134, 9852, 
6173.136, 9851, 
6173.138, 9851, 
6173.14, 9850, 
6173.142, 9849, 
6173.144, 9848, 
6173.146, 9847, 
6173.148, 9846, 
6173.15, 9845, 
6173.152, 9844, 
6173.154, 9843, 
6173.156, 9842, 
6173.158, 9841, 
6173.16, 9840, 
6173.162, 9838, 
6173.164, 9837, 
6173.166, 9836, 
6173.168, 9834, 
6173.17, 9833, 
6173.172, 9832, 
6173.174, 9831, 
6173.176, 9829, 
6173.178, 9827, 
6173.18, 9825, 
6173.182, 9823, 
6173.184, 9821, 
6173.186, 9818, 
6173.188, 9815, 
6173.19, 9812, 
6173.192, 9808, 
6173.194, 9804, 
6173.196, 9799, 
6173.198, 9793, 
6173.2, 9788, 
6173.202, 9783, 
6173.204, 9777, 
6173.206, 9769, 
6173.208, 9761, 
6173.21, 9752, 
6173.212, 9743, 
6173.214, 9733, 
6173.216, 9722, 
6173.218, 9712, 
6173.22, 9702, 
6173.222, 9688, 
6173.224, 9673, 
6173.226, 9656, 
6173.228, 9637, 
6173.23, 9619, 
6173.232, 9598, 
6173.234, 9572, 
6173.236, 9543, 
6173.238, 9511, 
6173.24, 9477, 
6173.242, 9441, 
6173.244, 9402, 
6173.246, 9360, 
6173.248, 9315, 
6173.25, 9263, 
6173.252, 9204, 
6173.254, 9141, 
6173.256, 9073, 
6173.258, 8998, 
6173.26, 8919, 
6173.262, 8832, 
6173.264, 8741, 
6173.266, 8645, 
6173.268, 8542, 
6173.27, 8431, 
6173.272, 8311, 
6173.274, 8181, 
6173.276, 8040, 
6173.278, 7892, 
6173.28, 7741, 
6173.282, 7588, 
6173.284, 7432, 
6173.286, 7273, 
6173.288, 7109, 
6173.29, 6939, 
6173.292, 6767, 
6173.294, 6594, 
6173.296, 6423, 
6173.298, 6251, 
6173.3, 6076, 
6173.302, 5900, 
6173.304, 5726, 
6173.306, 5553, 
6173.308, 5380, 
6173.31, 5210, 
6173.312, 5050, 
6173.314, 4901, 
6173.316, 4759, 
6173.318, 4624, 
6173.32, 4497, 
6173.322, 4378, 
6173.324, 4268, 
6173.326, 4170, 
6173.328, 4080, 
6173.33, 3998, 
6173.332, 3927, 
6173.334, 3866, 
6173.336, 3817, 
6173.338, 3780, 
6173.34, 3755, 
6173.342, 3741, 
6173.344, 3738, 
6173.346, 3747, 
6173.348, 3768, 
6173.35, 3804, 
6173.352, 3855, 
6173.354, 3921, 
6173.356, 4000, 
6173.358, 4092, 
6173.36, 4197, 
6173.362, 4318, 
6173.364, 4453, 
6173.366, 4600, 
6173.368, 4757, 
6173.37, 4922, 
6173.372, 5096, 
6173.374, 5279, 
6173.376, 5469, 
6173.378, 5662, 
6173.38, 5858, 
6173.382, 6059, 
6173.384, 6260, 
6173.386, 6457, 
6173.388, 6646, 
6173.39, 6827, 
6173.392, 7002, 
6173.394, 7170, 
6173.396, 7332, 
6173.398, 7490, 
6173.4, 7643, 
6173.402, 7788, 
6173.404, 7921, 
6173.406, 8044, 
6173.408, 8162, 
6173.41, 8277, 
6173.412, 8386, 
6173.414, 8485, 
6173.416, 8576, 
6173.418, 8658, 
6173.42, 8733, 
6173.422, 8804, 
6173.424, 8871, 
6173.426, 8935, 
6173.428, 8995, 
6173.43, 9052, 
6173.432, 9105, 
6173.434, 9154, 
6173.436, 9200, 
6173.438, 9242, 
6173.44, 9281, 
6173.442, 9314, 
6173.444, 9345, 
6173.446, 9374, 
6173.448, 9402, 
6173.45, 9427, 
6173.452, 9450, 
6173.454, 9472, 
6173.456, 9493, 
6173.458, 9512, 
6173.46, 9530, 
6173.462, 9546, 
6173.464, 9562, 
6173.466, 9577, 
6173.468, 9591, 
6173.47, 9604, 
6173.472, 9617, 
6173.474, 9629, 
6173.476, 9639, 
6173.478, 9648, 
6173.48, 9658, 
6173.482, 9667, 
6173.484, 9675, 
6173.486, 9682, 
6173.488, 9689, 
6173.49, 9695, 
6173.492, 9700, 
6173.494, 9706, 
6173.496, 9711, 
6173.498, 9715, 
6173.5, 9719, 
6173.502, 9722, 
6173.504, 9726, 
6173.506, 9728, 
6173.508, 9730, 
6173.51, 9732, 
6173.512, 9735, 
6173.514, 9737, 
6173.516, 9738, 
6173.518, 9740, 
6173.52, 9742, 
6173.522, 9743, 
6173.524, 9744, 
6173.526, 9746, 
6173.528, 9747, 
6173.53, 9749, 
6173.532, 9750, 
6173.534, 9751, 
6173.536, 9753, 
6173.538, 9754, 
6173.54, 9756, 
6173.542, 9758, 
6173.544, 9759, 
6173.546, 9762, 
6173.548, 9764, 
6173.55, 9766, 
6173.552, 9767, 
6173.554, 9769, 
6173.556, 9772, 
6173.558, 9774, 
6173.56, 9776, 
6173.562, 9778, 
6173.564, 9781, 
6173.566, 9783, 
6173.568, 9785, 
6173.57, 9787, 
6173.572, 9788, 
6173.574, 9790, 
6173.576, 9792, 
6173.578, 9793, 
6173.58, 9795, 
6173.582, 9796, 
6173.584, 9798, 
6173.586, 9800, 
6173.588, 9800, 
6173.59, 9802, 
6173.592, 9803, 
6173.594, 9803, 
6173.596, 9804, 
6173.598, 9805, 
6173.6, 9806, 
6173.602, 9806, 
6173.604, 9806, 
6173.606, 9807, 
6173.608, 9808, 
6173.61, 9809, 
6173.612, 9809, 
6173.614, 9809, 
6173.616, 9809, 
6173.618, 9809, 
6173.62, 9810, 
6173.622, 9811, 
6173.624, 9811, 
6173.626, 9811, 
6173.628, 9813, 
6173.63, 9814, 
6173.632, 9814, 
6173.634, 9815, 
6173.636, 9816, 
6173.638, 9817, 
6173.64, 9818, 
6173.642, 9819, 
6173.644, 9820, 
6173.646, 9822, 
6173.648, 9824, 
6173.65, 9824, 
6173.652, 9826, 
6173.654, 9828, 
6173.656, 9829, 
6173.658, 9831, 
6173.66, 9833, 
6173.662, 9836, 
6173.664, 9838, 
6173.666, 9840, 
6173.668, 9842, 
6173.67, 9844, 
6173.672, 9845, 
6173.674, 9847, 
6173.676, 9849, 
6173.678, 9850, 
6173.68, 9851, 
6173.682, 9853, 
6173.684, 9854, 
6173.686, 9856, 
6173.688, 9857, 
6173.69, 9859, 
6173.692, 9859, 
6173.694, 9860, 
6173.696, 9861, 
6173.698, 9862, 
6173.7, 9862, 
6173.702, 9863, 
6173.704, 9864, 
6173.706, 9865, 
6173.708, 9866, 
6173.71, 9867, 
6173.712, 9868, 
6173.714, 9868, 
6173.716, 9868, 
6173.718, 9869, 
6173.72, 9870, 
6173.722, 9871, 
6173.724, 9871, 
6173.726, 9872, 
6173.728, 9872, 
6173.73, 9873, 
6173.732, 9874, 
6173.734, 9874, 
6173.736, 9875, 
6173.738, 9876, 
6173.74, 9877, 
6173.742, 9877, 
6173.744, 9878, 
6173.746, 9879, 
6173.748, 9880, 
6173.75, 9881, 
6173.752, 9882, 
6173.754, 9883, 
6173.756, 9884, 
6173.758, 9885, 
6173.76, 9886, 
6173.762, 9887, 
6173.764, 9889, 
6173.766, 9890, 
6173.768, 9891, 
6173.77, 9892, 
6173.772, 9894, 
6173.774, 9895, 
6173.776, 9895, 
6173.778, 9897, 
6173.78, 9898, 
6173.782, 9898, 
6173.784, 9899, 
6173.786, 9899, 
6173.788, 9899, 
6173.79, 9899, 
6173.792, 9900, 
6173.794, 9900, 
6173.796, 9899, 
6173.798, 9899, 
6173.8, 9898, 
6173.802, 9898, 
6173.804, 9897, 
6173.806, 9896, 
6173.808, 9895, 
6173.81, 9894, 
6173.812, 9893, 
6173.814, 9892, 
6173.816, 9892, 
6173.818, 9891, 
6173.82, 9890, 
6173.822, 9889, 
6173.824, 9888, 
6173.826, 9887, 
6173.828, 9886, 
6173.83, 9886, 
6173.832, 9886, 
6173.834, 9886, 
6173.836, 9886, 
6173.838, 9886, 
6173.84, 9886, 
6173.842, 9886, 
6173.844, 9885, 
6173.846, 9885, 
6173.848, 9886, 
6173.85, 9886, 
6173.852, 9887, 
6173.854, 9887, 
6173.856, 9888, 
6173.858, 9888, 
6173.86, 9889, 
6173.862, 9889, 
6173.864, 9890, 
6173.866, 9891, 
6173.868, 9891, 
6173.87, 9892, 
6173.872, 9893, 
6173.874, 9894, 
6173.876, 9895, 
6173.878, 9896, 
6173.88, 9896, 
6173.882, 9897, 
6173.884, 9897, 
6173.886, 9897, 
6173.888, 9897, 
6173.89, 9898, 
6173.892, 9898, 
6173.894, 9898, 
6173.896, 9898, 
6173.898, 9897, 
6173.9, 9897, 
6173.902, 9897, 
6173.904, 9897, 
6173.906, 9897, 
6173.908, 9896, 
6173.91, 9896, 
6173.912, 9896, 
6173.914, 9896, 
6173.916, 9896, 
6173.918, 9895, 
6173.92, 9895, 
6173.922, 9896, 
6173.924, 9897, 
6173.926, 9898, 
6173.928, 9898, 
6173.93, 9899, 
6173.932, 9899, 
6173.934, 9900, 
6173.936, 9901, 
6173.938, 9901, 
6173.94, 9902, 
6173.942, 9903, 
6173.944, 9904, 
6173.946, 9905, 
6173.948, 9905, 
6173.95, 9906, 
6173.952, 9906, 
6173.954, 9906, 
6173.956, 9907, 
6173.958, 9907, 
6173.96, 9907, 
6173.962, 9907, 
6173.964, 9907, 
6173.966, 9907, 
6173.968, 9907, 
6173.97, 9907, 
6173.972, 9907, 
6173.974, 9906, 
6173.976, 9906, 
6173.978, 9906, 
6173.98, 9906, 
6173.982, 9906, 
6173.984, 9905, 
6173.986, 9905, 
6173.988, 9906, 
6173.99, 9906, 
6173.992, 9906, 
6173.994, 9906, 
6173.996, 9906, 
6173.998, 9906, 
6174.0, 9906, 
6174.002, 9906, 
6174.004, 9906, 
6174.006, 9907, 
6174.008, 9907, 
6174.01, 9907, 
6174.012, 9908, 
6174.014, 9908, 
6174.016, 9908, 
6174.018, 9908, 
6174.02, 9908, 
6174.022, 9908, 
6174.024, 9908, 
6174.026, 9907, 
6174.028, 9907, 
6174.03, 9907, 
6174.032, 9907, 
6174.034, 9907, 
6174.036, 9907, 
6174.038, 9907, 
6174.04, 9907, 
6174.042, 9906, 
6174.044, 9906, 
6174.046, 9906, 
6174.048, 9906, 
6174.05, 9906, 
6174.052, 9906, 
6174.054, 9906, 
6174.056, 9906, 
6174.058, 9906, 
6174.06, 9906, 
6174.062, 9906, 
6174.064, 9906, 
6174.066, 9906, 
6174.068, 9907, 
6174.07, 9906, 
6174.072, 9906, 
6174.074, 9907, 
6174.076, 9907, 
6174.078, 9907, 
6174.08, 9907, 
6174.082, 9907, 
6174.084, 9907, 
6174.086, 9907, 
6174.088, 9907, 
6174.09, 9907, 
6174.092, 9907, 
6174.094, 9907, 
6174.096, 9907, 
6174.098, 9906, 
6174.1, 9906, 
6174.102, 9906, 
6174.104, 9906, 
6174.106, 9906, 
6174.108, 9906, 
6174.11, 9906, 
6174.112, 9906, 
6174.114, 9906, 
6174.116, 9906, 
6174.118, 9906, 
6174.12, 9906, 
6174.122, 9906, 
6174.124, 9906, 
6174.126, 9906, 
6174.128, 9906, 
6174.13, 9906, 
6174.132, 9907, 
6174.134, 9907, 
6174.136, 9907, 
6174.138, 9907, 
6174.14, 9907, 
6174.142, 9907, 
6174.144, 9907, 
6174.146, 9907, 
6174.148, 9907, 
6174.15, 9907, 
6174.152, 9907, 
6174.154, 9907, 
6174.156, 9907, 
6174.158, 9907, 
6174.16, 9907, 
6174.162, 9907, 
6174.164, 9907, 
6174.166, 9907, 
6174.168, 9907, 
6174.17, 9907, 
6174.172, 9907, 
6174.174, 9907, 
6174.176, 9907, 
6174.178, 9907, 
6174.18, 9907, 
6174.182, 9906, 
6174.184, 9906, 
6174.186, 9906, 
6174.188, 9906, 
6174.19, 9906, 
6174.192, 9906, 
6174.194, 9906, 
6174.196, 9906, 
6174.198, 9905, 
6174.2, 9905, 
6174.202, 9905, 
6174.204, 9905, 
6174.206, 9905, 
6174.208, 9905, 
6174.21, 9905, 
6174.212, 9906, 
6174.214, 9906, 
6174.216, 9906, 
6174.218, 9906, 
6174.22, 9906, 
6174.222, 9906, 
6174.224, 9906, 
6174.226, 9906, 
6174.228, 9906, 
6174.23, 9906, 
6174.232, 9906, 
6174.234, 9905, 
6174.236, 9904, 
6174.238, 9904, 
6174.24, 9904, 
6174.242, 9904, 
6174.244, 9904, 
6174.246, 9903, 
6174.248, 9902, 
6174.25, 9902, 
6174.252, 9902, 
6174.254, 9901, 
6174.256, 9900, 
6174.258, 9900, 
6174.26, 9899, 
6174.262, 9899, 
6174.264, 9898, 
6174.266, 9898, 
6174.268, 9898, 
6174.27, 9897, 
6174.272, 9897, 
6174.274, 9897, 
6174.276, 9897, 
6174.278, 9896, 
6174.28, 9896, 
6174.282, 9896, 
6174.284, 9896, 
6174.286, 9896, 
6174.288, 9895, 
6174.29, 9894, 
6174.292, 9893, 
6174.294, 9893, 
6174.296, 9892, 
6174.298, 9891, 
6174.3, 9891, 
6174.302, 9890, 
6174.304, 9889, 
6174.306, 9888, 
6174.308, 9887, 
6174.31, 9886, 
6174.312, 9885, 
6174.314, 9884, 
6174.316, 9883, 
6174.318, 9882, 
6174.32, 9881, 
6174.322, 9880, 
6174.324, 9879, 
6174.326, 9879, 
6174.328, 9879, 
6174.33, 9879, 
6174.332, 9878, 
6174.334, 9877, 
6174.336, 9877, 
6174.338, 9877, 
6174.34, 9877, 
6174.342, 9877, 
6174.344, 9877, 
6174.346, 9877, 
6174.348, 9877, 
6174.35, 9877, 
6174.352, 9878, 
6174.354, 9878, 
6174.356, 9879, 
6174.358, 9879, 
6174.36, 9879, 
6174.362, 9880, 
6174.364, 9881, 
6174.366, 9882, 
6174.368, 9882, 
6174.37, 9883, 
6174.372, 9885, 
6174.374, 9886, 
6174.376, 9887, 
6174.378, 9887, 
6174.38, 9889, 
6174.382, 9890, 
6174.384, 9891, 
6174.386, 9892, 
6174.388, 9893, 
6174.39, 9894, 
6174.392, 9896, 
6174.394, 9897, 
6174.396, 9898, 
6174.398, 9899, 
6174.4, 9901, 
6174.402, 9901, 
6174.404, 9902, 
6174.406, 9903, 
6174.408, 9904, 
6174.41, 9905, 
6174.412, 9906, 
6174.414, 9906, 
6174.416, 9906, 
6174.418, 9906, 
6174.42, 9906, 
6174.422, 9906, 
6174.424, 9906, 
6174.426, 9906, 
6174.428, 9905, 
6174.43, 9905, 
6174.432, 9904, 
6174.434, 9904, 
6174.436, 9903, 
6174.438, 9903, 
6174.44, 9903, 
6174.442, 9903, 
6174.444, 9902, 
6174.446, 9902, 
6174.448, 9903, 
6174.45, 9903, 
6174.452, 9903, 
6174.454, 9903, 
6174.456, 9903, 
6174.458, 9903, 
6174.46, 9903, 
6174.462, 9904, 
6174.464, 9904, 
6174.466, 9904, 
6174.468, 9904, 
6174.47, 9904, 
6174.472, 9904, 
6174.474, 9904, 
6174.476, 9904, 
6174.478, 9903, 
6174.48, 9903, 
6174.482, 9903, 
6174.484, 9902, 
6174.486, 9902, 
6174.488, 9901, 
6174.49, 9900, 
6174.492, 9900, 
6174.494, 9899, 
6174.496, 9899, 
6174.498, 9898, 
6174.5, 9898, 
6174.502, 9897, 
6174.504, 9897, 
6174.506, 9897, 
6174.508, 9897, 
6174.51, 9897, 
6174.512, 9897, 
6174.514, 9897, 
6174.516, 9897, 
6174.518, 9897, 
6174.52, 9898, 
6174.522, 9898, 
6174.524, 9898, 
6174.526, 9898, 
6174.528, 9899, 
6174.53, 9899, 
6174.532, 9900, 
6174.534, 9900, 
6174.536, 9900, 
6174.538, 9901, 
6174.54, 9901, 
6174.542, 9902, 
6174.544, 9902, 
6174.546, 9903, 
6174.548, 9903, 
6174.55, 9903, 
6174.552, 9904, 
6174.554, 9904, 
6174.556, 9904, 
6174.558, 9904, 
6174.56, 9904, 
6174.562, 9905, 
6174.564, 9905, 
6174.566, 9906, 
6174.568, 9906, 
6174.57, 9906, 
6174.572, 9907, 
6174.574, 9907, 
6174.576, 9907, 
6174.578, 9908, 
6174.58, 9909, 
6174.582, 9909, 
6174.584, 9909, 
6174.586, 9910, 
6174.588, 9911, 
6174.59, 9911, 
6174.592, 9912, 
6174.594, 9913, 
6174.596, 9913, 
6174.598, 9913, 
6174.6, 9913, 
6174.602, 9914, 
6174.604, 9914, 
6174.606, 9914, 
6174.608, 9914, 
6174.61, 9915, 
6174.612, 9915, 
6174.614, 9915, 
6174.616, 9914, 
6174.618, 9914, 
6174.62, 9914, 
6174.622, 9913, 
6174.624, 9913, 
6174.626, 9913, 
6174.628, 9912, 
6174.63, 9912, 
6174.632, 9912, 
6174.634, 9911, 
6174.636, 9911, 
6174.638, 9910, 
6174.64, 9909, 
6174.642, 9909, 
6174.644, 9909, 
6174.646, 9909, 
6174.648, 9908, 
6174.65, 9907, 
6174.652, 9907, 
6174.654, 9907, 
6174.656, 9906, 
6174.658, 9905, 
6174.66, 9904, 
6174.662, 9903, 
6174.664, 9903, 
6174.666, 9903, 
6174.668, 9902, 
6174.67, 9901, 
6174.672, 9901, 
6174.674, 9901, 
6174.676, 9900, 
6174.678, 9900, 
6174.68, 9899, 
6174.682, 9898, 
6174.684, 9897, 
6174.686, 9896, 
6174.688, 9896, 
6174.69, 9896, 
6174.692, 9895, 
6174.694, 9893, 
6174.696, 9891, 
6174.698, 9890, 
6174.7, 9889, 
6174.702, 9888, 
6174.704, 9886, 
6174.706, 9885, 
6174.708, 9883, 
6174.71, 9882, 
6174.712, 9880, 
6174.714, 9879, 
6174.716, 9877, 
6174.718, 9875, 
6174.72, 9873, 
6174.722, 9872, 
6174.724, 9871, 
6174.726, 9869, 
6174.728, 9868, 
6174.73, 9867, 
6174.732, 9866, 
6174.734, 9865, 
6174.736, 9865, 
6174.738, 9864, 
6174.74, 9863, 
6174.742, 9863, 
6174.744, 9862, 
6174.746, 9862, 
6174.748, 9861, 
6174.75, 9861, 
6174.752, 9861, 
6174.754, 9861, 
6174.756, 9861, 
6174.758, 9861, 
6174.76, 9861, 
6174.762, 9862, 
6174.764, 9863, 
6174.766, 9864, 
6174.768, 9865, 
6174.77, 9866, 
6174.772, 9867, 
6174.774, 9868, 
6174.776, 9869, 
6174.778, 9870, 
6174.78, 9871, 
6174.782, 9872, 
6174.784, 9874, 
6174.786, 9875, 
6174.788, 9877, 
6174.79, 9878, 
6174.792, 9880, 
6174.794, 9881, 
6174.796, 9882, 
6174.798, 9884, 
6174.8, 9885, 
6174.802, 9887, 
6174.804, 9888, 
6174.806, 9889, 
6174.808, 9890, 
6174.81, 9891, 
6174.812, 9891, 
6174.814, 9892, 
6174.816, 9892, 
6174.818, 9893, 
6174.82, 9893, 
6174.822, 9894, 
6174.824, 9894, 
6174.826, 9893, 
6174.828, 9893, 
6174.83, 9894, 
6174.832, 9894, 
6174.834, 9894, 
6174.836, 9894, 
6174.838, 9893, 
6174.84, 9893, 
6174.842, 9893, 
6174.844, 9892, 
6174.846, 9892, 
6174.848, 9892, 
6174.85, 9892, 
6174.852, 9891, 
6174.854, 9891, 
6174.856, 9890, 
6174.858, 9890, 
6174.86, 9890, 
6174.862, 9890, 
6174.864, 9889, 
6174.866, 9889, 
6174.868, 9889, 
6174.87, 9888, 
6174.872, 9888, 
6174.874, 9887, 
6174.876, 9887, 
6174.878, 9888, 
6174.88, 9887, 
6174.882, 9887, 
6174.884, 9887, 
6174.886, 9887, 
6174.888, 9887, 
6174.89, 9887, 
6174.892, 9886, 
6174.894, 9886, 
6174.896, 9887, 
6174.898, 9887, 
6174.9, 9887, 
6174.902, 9886, 
6174.904, 9886, 
6174.906, 9886, 
6174.908, 9886, 
6174.91, 9886, 
6174.912, 9886, 
6174.914, 9886, 
6174.916, 9886, 
6174.918, 9886, 
6174.92, 9886, 
6174.922, 9886, 
6174.924, 9886, 
6174.926, 9886, 
6174.928, 9886, 
6174.93, 9886, 
6174.932, 9886, 
6174.934, 9885, 
6174.936, 9885, 
6174.938, 9886, 
6174.94, 9885, 
6174.942, 9884, 
6174.944, 9884, 
6174.946, 9884, 
6174.948, 9883, 
6174.95, 9882, 
6174.952, 9882, 
6174.954, 9881, 
6174.956, 9880, 
6174.958, 9880, 
6174.96, 9879, 
6174.962, 9878, 
6174.964, 9876, 
6174.966, 9875, 
6174.968, 9874, 
6174.97, 9874, 
6174.972, 9873, 
6174.974, 9871, 
6174.976, 9870, 
6174.978, 9869, 
6174.98, 9868, 
6174.982, 9867, 
6174.984, 9866, 
6174.986, 9865, 
6174.988, 9863, 
6174.99, 9862, 
6174.992, 9860, 
6174.994, 9859, 
6174.996, 9858, 
6174.998, 9856, 
6175.0, 9854, 
6175.002, 9852, 
6175.004, 9851, 
6175.006, 9849, 
6175.008, 9848, 
6175.01, 9846, 
6175.012, 9844, 
6175.014, 9842, 
6175.016, 9840, 
6175.018, 9837, 
6175.02, 9836, 
6175.022, 9833, 
6175.024, 9830, 
6175.026, 9828, 
6175.028, 9825, 
6175.03, 9822, 
6175.032, 9819, 
6175.034, 9815, 
6175.036, 9812, 
6175.038, 9808, 
6175.04, 9804, 
6175.042, 9800, 
6175.044, 9796, 
6175.046, 9791, 
6175.048, 9786, 
6175.05, 9781, 
6175.052, 9775, 
6175.054, 9770, 
6175.056, 9763, 
6175.058, 9757, 
6175.06, 9750, 
6175.062, 9744, 
6175.064, 9736, 
6175.066, 9728, 
6175.068, 9720, 
6175.07, 9712, 
6175.072, 9704, 
6175.074, 9694, 
6175.076, 9686, 
6175.078, 9675, 
6175.08, 9666, 
6175.082, 9656, 
6175.084, 9647, 
6175.086, 9637, 
6175.088, 9628, 
6175.09, 9618, 
6175.092, 9609, 
6175.094, 9599, 
6175.096, 9589, 
6175.098, 9581, 
6175.1, 9573, 
6175.102, 9564, 
6175.104, 9557, 
6175.106, 9550, 
6175.108, 9543, 
6175.11, 9537, 
6175.112, 9533, 
6175.114, 9528, 
6175.116, 9524, 
6175.118, 9521, 
6175.12, 9518, 
6175.122, 9517, 
6175.124, 9517, 
6175.126, 9517, 
6175.128, 9517, 
6175.13, 9519, 
6175.132, 9520, 
6175.134, 9523, 
6175.136, 9526, 
6175.138, 9529, 
6175.14, 9534, 
6175.142, 9538, 
6175.144, 9543, 
6175.146, 9549, 
6175.148, 9555, 
6175.15, 9560, 
6175.152, 9566, 
6175.154, 9572, 
6175.156, 9578, 
6175.158, 9585, 
6175.16, 9591, 
6175.162, 9598, 
6175.164, 9605, 
6175.166, 9611, 
6175.168, 9618, 
6175.17, 9625, 
6175.172, 9631, 
6175.174, 9638, 
6175.176, 9644, 
6175.178, 9650, 
6175.18, 9656, 
6175.182, 9661, 
6175.184, 9667, 
6175.186, 9674, 
6175.188, 9679, 
6175.19, 9685, 
6175.192, 9691, 
6175.194, 9696, 
6175.196, 9700, 
6175.198, 9706, 
6175.2, 9709, 
6175.202, 9713, 
6175.204, 9716, 
6175.206, 9718, 
6175.208, 9720, 
6175.21, 9721, 
6175.212, 9723, 
6175.214, 9724, 
6175.216, 9724, 
6175.218, 9724, 
6175.22, 9723, 
6175.222, 9721, 
6175.224, 9719, 
6175.226, 9716, 
6175.228, 9714, 
6175.23, 9711, 
6175.232, 9708, 
6175.234, 9703, 
6175.236, 9698, 
6175.238, 9693, 
6175.24, 9687, 
6175.242, 9679, 
6175.244, 9671, 
6175.246, 9662, 
6175.248, 9653, 
6175.25, 9644, 
6175.252, 9631, 
6175.254, 9617, 
6175.256, 9603, 
6175.258, 9586, 
6175.26, 9569, 
6175.262, 9551, 
6175.264, 9531, 
6175.266, 9509, 
6175.268, 9484, 
6175.27, 9459, 
6175.272, 9428, 
6175.274, 9396, 
6175.276, 9360, 
6175.278, 9320, 
6175.28, 9277, 
6175.282, 9232, 
6175.284, 9185, 
6175.286, 9138, 
6175.288, 9085, 
6175.29, 9031, 
6175.292, 8972, 
6175.294, 8908, 
6175.296, 8837, 
6175.298, 8761, 
6175.3, 8680, 
6175.302, 8598, 
6175.304, 8514, 
6175.306, 8425, 
6175.308, 8332, 
6175.31, 8234, 
6175.312, 8130, 
6175.314, 8015, 
6175.316, 7897, 
6175.318, 7777, 
6175.32, 7656, 
6175.322, 7535, 
6175.324, 7415, 
6175.326, 7292, 
6175.328, 7165, 
6175.33, 7036, 
6175.332, 6906, 
6175.334, 6783, 
6175.336, 6664, 
6175.338, 6543, 
6175.34, 6423, 
6175.342, 6303, 
6175.344, 6187, 
6175.346, 6077, 
6175.348, 5971, 
6175.35, 5871, 
6175.352, 5779, 
6175.354, 5696, 
6175.356, 5621, 
6175.358, 5553, 
6175.36, 5496, 
6175.362, 5448, 
6175.364, 5412, 
6175.366, 5385, 
6175.368, 5369, 
6175.37, 5365, 
6175.372, 5370, 
6175.374, 5389, 
6175.376, 5418, 
6175.378, 5459, 
6175.38, 5509, 
6175.382, 5569, 
6175.384, 5638, 
6175.386, 5720, 
6175.388, 5814, 
6175.39, 5919, 
6175.392, 6032, 
6175.394, 6151, 
6175.396, 6274, 
6175.398, 6400, 
6175.4, 6529, 
6175.402, 6659, 
6175.404, 6792, 
6175.406, 6925, 
6175.408, 7056, 
6175.41, 7186, 
6175.412, 7315, 
6175.414, 7444, 
6175.416, 7568, 
6175.418, 7685, 
6175.42, 7796, 
6175.422, 7903, 
6175.424, 8010, 
6175.426, 8114, 
6175.428, 8213, 
6175.43, 8310, 
6175.432, 8402, 
6175.434, 8487, 
6175.436, 8566, 
6175.438, 8639, 
6175.44, 8707, 
6175.442, 8770, 
6175.444, 8831, 
6175.446, 8889, 
6175.448, 8945, 
6175.45, 8996, 
6175.452, 9044, 
6175.454, 9090, 
6175.456, 9134, 
6175.458, 9175, 
6175.46, 9215, 
6175.462, 9253, 
6175.464, 9287, 
6175.466, 9320, 
6175.468, 9350, 
6175.47, 9379, 
6175.472, 9405, 
6175.474, 9430, 
6175.476, 9452, 
6175.478, 9471, 
6175.48, 9491, 
6175.482, 9511, 
6175.484, 9528, 
6175.486, 9544, 
6175.488, 9560, 
6175.49, 9575, 
6175.492, 9588, 
6175.494, 9602, 
6175.496, 9615, 
6175.498, 9626, 
6175.5, 9638, 
6175.502, 9648, 
6175.504, 9657, 
6175.506, 9666, 
6175.508, 9675, 
6175.51, 9683, 
6175.512, 9690, 
6175.514, 9698, 
6175.516, 9705, 
6175.518, 9712, 
6175.52, 9718, 
6175.522, 9724, 
6175.524, 9730, 
6175.526, 9736, 
6175.528, 9741, 
6175.53, 9746, 
6175.532, 9750, 
6175.534, 9754, 
6175.536, 9758, 
6175.538, 9762, 
6175.54, 9766, 
6175.542, 9769, 
6175.544, 9774, 
6175.546, 9777, 
6175.548, 9780, 
6175.55, 9783, 
6175.552, 9786, 
6175.554, 9789, 
6175.556, 9791, 
6175.558, 9794, 
6175.56, 9797, 
6175.562, 9799, 
6175.564, 9801, 
6175.566, 9803, 
6175.568, 9805, 
6175.57, 9807, 
6175.572, 9808, 
6175.574, 9810, 
6175.576, 9812, 
6175.578, 9813, 
6175.58, 9815, 
6175.582, 9816, 
6175.584, 9817, 
6175.586, 9819, 
6175.588, 9820, 
6175.59, 9822, 
6175.592, 9823, 
6175.594, 9825, 
6175.596, 9826, 
6175.598, 9828, 
6175.6, 9829, 
6175.602, 9829, 
6175.604, 9831, 
6175.606, 9832, 
6175.608, 9834, 
6175.61, 9836, 
6175.612, 9836, 
6175.614, 9838, 
6175.616, 9840, 
6175.618, 9841, 
6175.62, 9842, 
6175.622, 9844, 
6175.624, 9845, 
6175.626, 9846, 
6175.628, 9848, 
6175.63, 9850, 
6175.632, 9850, 
6175.634, 9852, 
6175.636, 9853, 
6175.638, 9853, 
6175.64, 9854, 
6175.642, 9855, 
6175.644, 9856, 
6175.646, 9856, 
6175.648, 9857, 
6175.65, 9857, 
6175.652, 9856, 
6175.654, 9856, 
6175.656, 9856, 
6175.658, 9855, 
6175.66, 9855, 
6175.662, 9854, 
6175.664, 9854, 
6175.666, 9853, 
6175.668, 9852, 
6175.67, 9851, 
6175.672, 9850, 
6175.674, 9848, 
6175.676, 9847, 
6175.678, 9845, 
6175.68, 9844, 
6175.682, 9842, 
6175.684, 9841, 
6175.686, 9840, 
6175.688, 9838, 
6175.69, 9836, 
6175.692, 9834, 
6175.694, 9833, 
6175.696, 9831, 
6175.698, 9830, 
6175.7, 9827, 
6175.702, 9825, 
6175.704, 9824, 
6175.706, 9823, 
6175.708, 9821, 
6175.71, 9820, 
6175.712, 9818, 
6175.714, 9818, 
6175.716, 9817, 
6175.718, 9816, 
6175.72, 9815, 
6175.722, 9815, 
6175.724, 9814, 
6175.726, 9814, 
6175.728, 9813, 
6175.73, 9812, 
6175.732, 9811, 
6175.734, 9810, 
6175.736, 9810, 
6175.738, 9809, 
6175.74, 9808, 
6175.742, 9806, 
6175.744, 9804, 
6175.746, 9803, 
6175.748, 9801, 
6175.75, 9800, 
6175.752, 9798, 
6175.754, 9796, 
6175.756, 9794, 
6175.758, 9792, 
6175.76, 9791, 
6175.762, 9789, 
6175.764, 9786, 
6175.766, 9785, 
6175.768, 9784, 
6175.77, 9782, 
6175.772, 9780, 
6175.774, 9779, 
6175.776, 9778, 
6175.778, 9777, 
6175.78, 9777, 
6175.782, 9776, 
6175.784, 9775, 
6175.786, 9775, 
6175.788, 9775, 
6175.79, 9774, 
6175.792, 9774, 
6175.794, 9774, 
6175.796, 9774, 
6175.798, 9774, 
6175.8, 9774, 
6175.802, 9775, 
6175.804, 9776, 
6175.806, 9776, 
6175.808, 9775, 
6175.81, 9776, 
6175.812, 9777, 
6175.814, 9778, 
6175.816, 9779, 
6175.818, 9780, 
6175.82, 9781, 
6175.822, 9782, 
6175.824, 9783, 
6175.826, 9784, 
6175.828, 9785, 
6175.83, 9786, 
6175.832, 9788, 
6175.834, 9788, 
6175.836, 9790, 
6175.838, 9791, 
6175.84, 9793, 
6175.842, 9794, 
6175.844, 9796, 
6175.846, 9797, 
6175.848, 9798, 
6175.85, 9799, 
6175.852, 9800, 
6175.854, 9801, 
6175.856, 9802, 
6175.858, 9803, 
6175.86, 9803, 
6175.862, 9804, 
6175.864, 9804, 
6175.866, 9804, 
6175.868, 9805, 
6175.87, 9804, 
6175.872, 9805, 
6175.874, 9805, 
6175.876, 9804, 
6175.878, 9804, 
6175.88, 9804, 
6175.882, 9804, 
6175.884, 9804, 
6175.886, 9804, 
6175.888, 9805, 
6175.89, 9805, 
6175.892, 9806, 
6175.894, 9806, 
6175.896, 9806, 
6175.898, 9807, 
6175.9, 9807, 
6175.902, 9808, 
6175.904, 9808, 
6175.906, 9809, 
6175.908, 9810, 
6175.91, 9811, 
6175.912, 9812, 
6175.914, 9814, 
6175.916, 9814, 
6175.918, 9815, 
6175.92, 9817, 
6175.922, 9818, 
6175.924, 9819, 
6175.926, 9821, 
6175.928, 9822, 
6175.93, 9824, 
6175.932, 9825, 
6175.934, 9826, 
6175.936, 9828, 
6175.938, 9830, 
6175.94, 9831, 
6175.942, 9833, 
6175.944, 9834, 
6175.946, 9835, 
6175.948, 9837, 
6175.95, 9838, 
6175.952, 9839, 
6175.954, 9840, 
6175.956, 9841, 
6175.958, 9842, 
6175.96, 9843, 
6175.962, 9844, 
6175.964, 9845, 
6175.966, 9846, 
6175.968, 9848, 
6175.97, 9849, 
6175.972, 9849, 
6175.974, 9851, 
6175.976, 9852, 
6175.978, 9853, 
6175.98, 9854, 
6175.982, 9855, 
6175.984, 9856, 
6175.986, 9857, 
6175.988, 9858, 
6175.99, 9860, 
6175.992, 9861, 
6175.994, 9862, 
6175.996, 9863, 
6175.998, 9864, 
6176.0, 9864, 
6176.002, 9866, 
6176.004, 9867, 
6176.006, 9868, 
6176.008, 9870, 
6176.01, 9871, 
6176.012, 9872, 
6176.014, 9873, 
6176.016, 9874, 
6176.018, 9875, 
6176.02, 9876, 
6176.022, 9877, 
6176.024, 9877, 
6176.026, 9879, 
6176.028, 9879, 
6176.03, 9880, 
6176.032, 9880, 
6176.034, 9881, 
6176.036, 9882, 
6176.038, 9882, 
6176.04, 9882, 
6176.042, 9882, 
6176.044, 9883, 
6176.046, 9883, 
6176.048, 9884, 
6176.05, 9883, 
6176.052, 9883, 
6176.054, 9884, 
6176.056, 9884, 
6176.058, 9884, 
6176.06, 9884, 
6176.062, 9883, 
6176.064, 9883, 
6176.066, 9883, 
6176.068, 9882, 
6176.07, 9881, 
6176.072, 9881, 
6176.074, 9881, 
6176.076, 9881, 
6176.078, 9880, 
6176.08, 9880, 
6176.082, 9879, 
6176.084, 9879, 
6176.086, 9879, 
6176.088, 9878, 
6176.09, 9877, 
6176.092, 9877, 
6176.094, 9876, 
6176.096, 9875, 
6176.098, 9875, 
6176.1, 9875, 
6176.102, 9874, 
6176.104, 9873, 
6176.106, 9872, 
6176.108, 9872, 
6176.11, 9871, 
6176.112, 9870, 
6176.114, 9869, 
6176.116, 9868, 
6176.118, 9867, 
6176.12, 9866, 
6176.122, 9866, 
6176.124, 9865, 
6176.126, 9864, 
6176.128, 9864, 
6176.13, 9863, 
6176.132, 9862, 
6176.134, 9861, 
6176.136, 9861, 
6176.138, 9860, 
6176.14, 9860, 
6176.142, 9859, 
6176.144, 9859, 
6176.146, 9858, 
6176.148, 9857, 
6176.15, 9857, 
6176.152, 9857, 
6176.154, 9857, 
6176.156, 9856, 
6176.158, 9856, 
6176.16, 9856, 
6176.162, 9856, 
6176.164, 9855, 
6176.166, 9855, 
6176.168, 9855, 
6176.17, 9855, 
6176.172, 9855, 
6176.174, 9856, 
6176.176, 9856, 
6176.178, 9857, 
6176.18, 9857, 
6176.182, 9858, 
6176.184, 9859, 
6176.186, 9859, 
6176.188, 9860, 
6176.19, 9861, 
6176.192, 9862, 
6176.194, 9862, 
6176.196, 9863, 
6176.198, 9864, 
6176.2, 9865, 
6176.202, 9866, 
6176.204, 9866, 
6176.206, 9868, 
6176.208, 9868, 
6176.21, 9869, 
6176.212, 9870, 
6176.214, 9871, 
6176.216, 9871, 
6176.218, 9871, 
6176.22, 9872, 
6176.222, 9873, 
6176.224, 9873, 
6176.226, 9873, 
6176.228, 9874, 
6176.23, 9874, 
6176.232, 9875, 
6176.234, 9875, 
6176.236, 9876, 
6176.238, 9876, 
6176.24, 9876, 
6176.242, 9877, 
6176.244, 9877, 
6176.246, 9877, 
6176.248, 9877, 
6176.25, 9878, 
6176.252, 9878, 
6176.254, 9878, 
6176.256, 9879, 
6176.258, 9879, 
6176.26, 9879, 
6176.262, 9879, 
6176.264, 9879, 
6176.266, 9879, 
6176.268, 9879, 
6176.27, 9880, 
6176.272, 9879, 
6176.274, 9879, 
6176.276, 9879, 
6176.278, 9879, 
6176.28, 9879, 
6176.282, 9878, 
6176.284, 9878, 
6176.286, 9879, 
6176.288, 9879, 
6176.29, 9878, 
6176.292, 9877, 
6176.294, 9878, 
6176.296, 9877, 
6176.298, 9877, 
6176.3, 9877, 
6176.302, 9876, 
6176.304, 9875, 
6176.306, 9875, 
6176.308, 9875, 
6176.31, 9874, 
6176.312, 9874, 
6176.314, 9873, 
6176.316, 9872, 
6176.318, 9872, 
6176.32, 9872, 
6176.322, 9872, 
6176.324, 9871, 
6176.326, 9871, 
6176.328, 9870, 
6176.33, 9870, 
6176.332, 9870, 
6176.334, 9870, 
6176.336, 9870, 
6176.338, 9870, 
6176.34, 9870, 
6176.342, 9870, 
6176.344, 9871, 
6176.346, 9870, 
6176.348, 9870, 
6176.35, 9870, 
6176.352, 9871, 
6176.354, 9871, 
6176.356, 9870, 
6176.358, 9870, 
6176.36, 9870, 
6176.362, 9870, 
6176.364, 9869, 
6176.366, 9868, 
6176.368, 9868, 
6176.37, 9868, 
6176.372, 9867, 
6176.374, 9866, 
6176.376, 9865, 
6176.378, 9864, 
6176.38, 9863, 
6176.382, 9863, 
6176.384, 9862, 
6176.386, 9861, 
6176.388, 9860, 
6176.39, 9859, 
6176.392, 9858, 
6176.394, 9857, 
6176.396, 9856, 
6176.398, 9856, 
6176.4, 9855, 
6176.402, 9855, 
6176.404, 9853, 
6176.406, 9853, 
6176.408, 9852, 
6176.41, 9851, 
6176.412, 9851, 
6176.414, 9851, 
6176.416, 9850, 
6176.418, 9850, 
6176.42, 9849, 
6176.422, 9849, 
6176.424, 9850, 
6176.426, 9850, 
6176.428, 9849, 
6176.43, 9850, 
6176.432, 9850, 
6176.434, 9851, 
6176.436, 9851, 
6176.438, 9851, 
6176.44, 9851, 
6176.442, 9852, 
6176.444, 9852, 
6176.446, 9853, 
6176.448, 9853, 
6176.45, 9854, 
6176.452, 9854, 
6176.454, 9854, 
6176.456, 9854, 
6176.458, 9855, 
6176.46, 9855, 
6176.462, 9856, 
6176.464, 9856, 
6176.466, 9856, 
6176.468, 9856, 
6176.47, 9856, 
6176.472, 9856, 
6176.474, 9857, 
6176.476, 9857, 
6176.478, 9858, 
6176.48, 9858, 
6176.482, 9859, 
6176.484, 9859, 
6176.486, 9859, 
6176.488, 9860, 
6176.49, 9860, 
6176.492, 9860, 
6176.494, 9860, 
6176.496, 9861, 
6176.498, 9861, 
6176.5, 9862, 
6176.502, 9862, 
6176.504, 9863, 
6176.506, 9863, 
6176.508, 9863, 
6176.51, 9864, 
6176.512, 9865, 
6176.514, 9865, 
6176.516, 9866, 
6176.518, 9866, 
6176.52, 9867, 
6176.522, 9867, 
6176.524, 9867, 
6176.526, 9868, 
6176.528, 9868, 
6176.53, 9868, 
6176.532, 9869, 
6176.534, 9869, 
6176.536, 9869, 
6176.538, 9869, 
6176.54, 9868, 
6176.542, 9868, 
6176.544, 9869, 
6176.546, 9869, 
6176.548, 9869, 
6176.55, 9868, 
6176.552, 9867, 
6176.554, 9866, 
6176.556, 9866, 
6176.558, 9865, 
6176.56, 9864, 
6176.562, 9863, 
6176.564, 9863, 
6176.566, 9862, 
6176.568, 9861, 
6176.57, 9860, 
6176.572, 9859, 
6176.574, 9858, 
6176.576, 9857, 
6176.578, 9856, 
6176.58, 9855, 
6176.582, 9854, 
6176.584, 9853, 
6176.586, 9851, 
6176.588, 9850, 
6176.59, 9848, 
6176.592, 9847, 
6176.594, 9845, 
6176.596, 9843, 
6176.598, 9841, 
6176.6, 9840, 
6176.602, 9839, 
6176.604, 9836, 
6176.606, 9834, 
6176.608, 9831, 
6176.61, 9829, 
6176.612, 9827, 
6176.614, 9825, 
6176.616, 9822, 
6176.618, 9819, 
6176.62, 9817, 
6176.622, 9815, 
6176.624, 9811, 
6176.626, 9808, 
6176.628, 9805, 
6176.63, 9802, 
6176.632, 9799, 
6176.634, 9795, 
6176.636, 9791, 
6176.638, 9786, 
6176.64, 9782, 
6176.642, 9778, 
6176.644, 9773, 
6176.646, 9767, 
6176.648, 9761, 
6176.65, 9756, 
6176.652, 9749, 
6176.654, 9742, 
6176.656, 9735, 
6176.658, 9727, 
6176.66, 9719, 
6176.662, 9710, 
6176.664, 9701, 
6176.666, 9691, 
6176.668, 9680, 
6176.67, 9670, 
6176.672, 9660, 
6176.674, 9649, 
6176.676, 9636, 
6176.678, 9622, 
6176.68, 9608, 
6176.682, 9594, 
6176.684, 9578, 
6176.686, 9562, 
6176.688, 9545, 
6176.69, 9528, 
6176.692, 9509, 
6176.694, 9493, 
6176.696, 9473, 
6176.698, 9449, 
6176.7, 9424, 
6176.702, 9397, 
6176.704, 9368, 
6176.706, 9338, 
6176.708, 9304, 
6176.71, 9266, 
6176.712, 9225, 
6176.714, 9180, 
6176.716, 9134, 
6176.718, 9085, 
6176.72, 9034, 
6176.722, 8982, 
6176.724, 8929, 
6176.726, 8874, 
6176.728, 8817, 
6176.73, 8754, 
6176.732, 8688, 
6176.734, 8616, 
6176.736, 8539, 
6176.738, 8456, 
6176.74, 8368, 
6176.742, 8274, 
6176.744, 8181, 
6176.746, 8085, 
6176.748, 7985, 
6176.75, 7883, 
6176.752, 7779, 
6176.754, 7676, 
6176.756, 7565, 
6176.758, 7447, 
6176.76, 7327, 
6176.762, 7209, 
6176.764, 7091, 
6176.766, 6975, 
6176.768, 6856, 
6176.77, 6738, 
6176.772, 6623, 
6176.774, 6509, 
6176.776, 6390, 
6176.778, 6268, 
6176.78, 6150, 
6176.782, 6033, 
6176.784, 5916, 
6176.786, 5801, 
6176.788, 5687, 
6176.79, 5578, 
6176.792, 5476, 
6176.794, 5378, 
6176.796, 5283, 
6176.798, 5192, 
6176.8, 5106, 
6176.802, 5024, 
6176.804, 4949, 
6176.806, 4882, 
6176.808, 4823, 
6176.81, 4772, 
6176.812, 4730, 
6176.814, 4697, 
6176.816, 4671, 
6176.818, 4654, 
6176.82, 4646, 
6176.822, 4646, 
6176.824, 4657, 
6176.826, 4677, 
6176.828, 4707, 
6176.83, 4748, 
6176.832, 4801, 
6176.834, 4865, 
6176.836, 4937, 
6176.838, 5021, 
6176.84, 5114, 
6176.842, 5219, 
6176.844, 5330, 
6176.846, 5451, 
6176.848, 5576, 
6176.85, 5707, 
6176.852, 5843, 
6176.854, 5987, 
6176.856, 6133, 
6176.858, 6280, 
6176.86, 6425, 
6176.862, 6569, 
6176.864, 6720, 
6176.866, 6874, 
6176.868, 7023, 
6176.87, 7163, 
6176.872, 7293, 
6176.874, 7421, 
6176.876, 7548, 
6176.878, 7672, 
6176.88, 7787, 
6176.882, 7896, 
6176.884, 8002, 
6176.886, 8104, 
6176.888, 8199, 
6176.89, 8290, 
6176.892, 8374, 
6176.894, 8454, 
6176.896, 8528, 
6176.898, 8597, 
6176.9, 8665, 
6176.902, 8730, 
6176.904, 8792, 
6176.906, 8849, 
6176.908, 8902, 
6176.91, 8953, 
6176.912, 9002, 
6176.914, 9048, 
6176.916, 9091, 
6176.918, 9131, 
6176.92, 9166, 
6176.922, 9200, 
6176.924, 9227, 
6176.926, 9256, 
6176.928, 9281, 
6176.93, 9306, 
6176.932, 9328, 
6176.934, 9348, 
6176.936, 9368, 
6176.938, 9387, 
6176.94, 9405, 
6176.942, 9422, 
6176.944, 9438, 
6176.946, 9453, 
6176.948, 9467, 
6176.95, 9482, 
6176.952, 9496, 
6176.954, 9509, 
6176.956, 9522, 
6176.958, 9534, 
6176.96, 9545, 
6176.962, 9555, 
6176.964, 9564, 
6176.966, 9575, 
6176.968, 9584, 
6176.97, 9593, 
6176.972, 9602, 
6176.974, 9611, 
6176.976, 9619, 
6176.978, 9627, 
6176.98, 9634, 
6176.982, 9641, 
6176.984, 9649, 
6176.986, 9655, 
6176.988, 9662, 
6176.99, 9669, 
6176.992, 9676, 
6176.994, 9683, 
6176.996, 9689, 
6176.998, 9694, 
6177.0, 9700, 
6177.002, 9707, 
6177.004, 9713, 
6177.006, 9719, 
6177.008, 9726, 
6177.01, 9731, 
6177.012, 9738, 
6177.014, 9743, 
6177.016, 9749, 
6177.018, 9755, 
6177.02, 9760, 
6177.022, 9765, 
6177.024, 9770, 
6177.026, 9775, 
6177.028, 9780, 
6177.03, 9785, 
6177.032, 9789, 
6177.034, 9794, 
6177.036, 9798, 
6177.038, 9802, 
6177.04, 9806, 
6177.042, 9810, 
6177.044, 9814, 
6177.046, 9818, 
6177.048, 9821, 
6177.05, 9824, 
6177.052, 9827, 
6177.054, 9830, 
6177.056, 9832, 
6177.058, 9834, 
6177.06, 9836, 
6177.062, 9838, 
6177.064, 9840, 
6177.066, 9841, 
6177.068, 9842, 
6177.07, 9843, 
6177.072, 9844, 
6177.074, 9845, 
6177.076, 9846, 
6177.078, 9846, 
6177.08, 9847, 
6177.082, 9848, 
6177.084, 9848, 
6177.086, 9848, 
6177.088, 9848, 
6177.09, 9848, 
6177.092, 9848, 
6177.094, 9848, 
6177.096, 9848, 
6177.098, 9848, 
6177.1, 9848, 
6177.102, 9847, 
6177.104, 9847, 
6177.106, 9847, 
6177.108, 9846, 
6177.11, 9846, 
6177.112, 9845, 
6177.114, 9844, 
6177.116, 9843, 
6177.118, 9842, 
6177.12, 9841, 
6177.122, 9841, 
6177.124, 9839, 
6177.126, 9837, 
6177.128, 9835, 
6177.13, 9833, 
6177.132, 9831, 
6177.134, 9829, 
6177.136, 9827, 
6177.138, 9824, 
6177.14, 9821, 
6177.142, 9818, 
6177.144, 9815, 
6177.146, 9811, 
6177.148, 9806, 
6177.15, 9802, 
6177.152, 9797, 
6177.154, 9792, 
6177.156, 9785, 
6177.158, 9778, 
6177.16, 9771, 
6177.162, 9764, 
6177.164, 9756, 
6177.166, 9747, 
6177.168, 9736, 
6177.17, 9725, 
6177.172, 9713, 
6177.174, 9703, 
6177.176, 9690, 
6177.178, 9674, 
6177.18, 9656, 
6177.182, 9636, 
6177.184, 9614, 
6177.186, 9591, 
6177.188, 9568, 
6177.19, 9543, 
6177.192, 9515, 
6177.194, 9485, 
6177.196, 9453, 
6177.198, 9418, 
6177.2, 9380, 
6177.202, 9339, 
6177.204, 9293, 
6177.206, 9245, 
6177.208, 9196, 
6177.21, 9145, 
6177.212, 9093, 
6177.214, 9041, 
6177.216, 8989, 
6177.218, 8939, 
6177.22, 8888, 
6177.222, 8838, 
6177.224, 8787, 
6177.226, 8736, 
6177.228, 8689, 
6177.23, 8646, 
6177.232, 8607, 
6177.234, 8574, 
6177.236, 8544, 
6177.238, 8515, 
6177.24, 8488, 
6177.242, 8464, 
6177.244, 8446, 
6177.246, 8434, 
6177.248, 8429, 
6177.25, 8430, 
6177.252, 8438, 
6177.254, 8451, 
6177.256, 8469, 
6177.258, 8491, 
6177.26, 8515, 
6177.262, 8543, 
6177.264, 8572, 
6177.266, 8606, 
6177.268, 8645, 
6177.27, 8686, 
6177.272, 8730, 
6177.274, 8775, 
6177.276, 8819, 
6177.278, 8864, 
6177.28, 8908, 
6177.282, 8954, 
6177.284, 9003, 
6177.286, 9051, 
6177.288, 9099, 
6177.29, 9147, 
6177.292, 9193, 
6177.294, 9237, 
6177.296, 9280, 
6177.298, 9319, 
6177.3, 9354, 
6177.302, 9387, 
6177.304, 9419, 
6177.306, 9448, 
6177.308, 9475, 
6177.31, 9500, 
6177.312, 9524, 
6177.314, 9546, 
6177.316, 9569, 
6177.318, 9590, 
6177.32, 9608, 
6177.322, 9625, 
6177.324, 9641, 
6177.326, 9657, 
6177.328, 9671, 
6177.33, 9685, 
6177.332, 9698, 
6177.334, 9710, 
6177.336, 9722, 
6177.338, 9732, 
6177.34, 9740, 
6177.342, 9750, 
6177.344, 9758, 
6177.346, 9766, 
6177.348, 9774, 
6177.35, 9781, 
6177.352, 9787, 
6177.354, 9793, 
6177.356, 9798, 
6177.358, 9803, 
6177.36, 9807, 
6177.362, 9812, 
6177.364, 9816, 
6177.366, 9819, 
6177.368, 9822, 
6177.37, 9824, 
6177.372, 9826, 
6177.374, 9828, 
6177.376, 9829, 
6177.378, 9830, 
6177.38, 9831, 
6177.382, 9832, 
6177.384, 9832, 
6177.386, 9832, 
6177.388, 9832, 
6177.39, 9832, 
6177.392, 9831, 
6177.394, 9830, 
6177.396, 9829, 
6177.398, 9829, 
6177.4, 9828, 
6177.402, 9827, 
6177.404, 9826, 
6177.406, 9825, 
6177.408, 9823, 
6177.41, 9822, 
6177.412, 9821, 
6177.414, 9820, 
6177.416, 9819, 
6177.418, 9818, 
6177.42, 9818, 
6177.422, 9817, 
6177.424, 9817, 
6177.426, 9816, 
6177.428, 9816, 
6177.43, 9816, 
6177.432, 9815, 
6177.434, 9815, 
6177.436, 9816, 
6177.438, 9816, 
6177.44, 9816, 
6177.442, 9816, 
6177.444, 9816, 
6177.446, 9816, 
6177.448, 9817, 
6177.45, 9817, 
6177.452, 9818, 
6177.454, 9819, 
6177.456, 9819, 
6177.458, 9819, 
6177.46, 9819, 
6177.462, 9819, 
6177.464, 9820, 
6177.466, 9820, 
6177.468, 9819, 
6177.47, 9818, 
6177.472, 9818, 
6177.474, 9817, 
6177.476, 9816, 
6177.478, 9815, 
6177.48, 9814, 
6177.482, 9812, 
6177.484, 9811, 
6177.486, 9809, 
6177.488, 9807, 
6177.49, 9805, 
6177.492, 9803, 
6177.494, 9801, 
6177.496, 9798, 
6177.498, 9795, 
6177.5, 9792, 
6177.502, 9789, 
6177.504, 9786, 
6177.506, 9785, 
6177.508, 9781, 
6177.51, 9777, 
6177.512, 9774, 
6177.514, 9770, 
6177.516, 9766, 
6177.518, 9762, 
6177.52, 9758, 
6177.522, 9754, 
6177.524, 9749, 
6177.526, 9745, 
6177.528, 9741, 
6177.53, 9737, 
6177.532, 9732, 
6177.534, 9729, 
6177.536, 9724, 
6177.538, 9720, 
6177.54, 9717, 
6177.542, 9715, 
6177.544, 9711, 
6177.546, 9709, 
6177.548, 9706, 
6177.55, 9704, 
6177.552, 9703, 
6177.554, 9702, 
6177.556, 9702, 
6177.558, 9702, 
6177.56, 9703, 
6177.562, 9703, 
6177.564, 9705, 
6177.566, 9706, 
6177.568, 9708, 
6177.57, 9710, 
6177.572, 9713, 
6177.574, 9716, 
6177.576, 9719, 
6177.578, 9723, 
6177.58, 9727, 
6177.582, 9731, 
6177.584, 9736, 
6177.586, 9741, 
6177.588, 9745, 
6177.59, 9751, 
6177.592, 9756, 
6177.594, 9762, 
6177.596, 9767, 
6177.598, 9773, 
6177.6, 9779, 
6177.602, 9784, 
6177.604, 9790, 
6177.606, 9796, 
6177.608, 9801, 
6177.61, 9807, 
6177.612, 9812, 
6177.614, 9817, 
6177.616, 9821, 
6177.618, 9827, 
6177.62, 9831, 
6177.622, 9836, 
6177.624, 9839, 
6177.626, 9843, 
6177.628, 9846, 
6177.63, 9850, 
6177.632, 9853, 
6177.634, 9856, 
6177.636, 9859, 
6177.638, 9861, 
6177.64, 9863, 
6177.642, 9866, 
6177.644, 9868, 
6177.646, 9870, 
6177.648, 9872, 
6177.65, 9874, 
6177.652, 9876, 
6177.654, 9877, 
6177.656, 9879, 
6177.658, 9880, 
6177.66, 9881, 
6177.662, 9883, 
6177.664, 9883, 
6177.666, 9884, 
6177.668, 9885, 
6177.67, 9887, 
6177.672, 9888, 
6177.674, 9888, 
6177.676, 9889, 
6177.678, 9889, 
6177.68, 9889, 
6177.682, 9890, 
6177.684, 9891, 
6177.686, 9891, 
6177.688, 9891, 
6177.69, 9892, 
6177.692, 9892, 
6177.694, 9893, 
6177.696, 9893, 
6177.698, 9893, 
6177.7, 9894, 
6177.702, 9894, 
6177.704, 9894, 
6177.706, 9894, 
6177.708, 9894, 
6177.71, 9894, 
6177.712, 9895, 
6177.714, 9895, 
6177.716, 9895, 
6177.718, 9896, 
6177.72, 9895, 
6177.722, 9895, 
6177.724, 9895, 
6177.726, 9895, 
6177.728, 9896, 
6177.73, 9896, 
6177.732, 9896, 
6177.734, 9896, 
6177.736, 9896, 
6177.738, 9896, 
6177.74, 9895, 
6177.742, 9895, 
6177.744, 9895, 
6177.746, 9895, 
6177.748, 9893, 
6177.75, 9893, 
6177.752, 9893, 
6177.754, 9892, 
6177.756, 9891, 
6177.758, 9891, 
6177.76, 9889, 
6177.762, 9888, 
6177.764, 9888, 
6177.766, 9888, 
6177.768, 9887, 
6177.77, 9886, 
6177.772, 9885, 
6177.774, 9884, 
6177.776, 9883, 
6177.778, 9882, 
6177.78, 9882, 
6177.782, 9881, 
6177.784, 9881, 
6177.786, 9880, 
6177.788, 9879, 
6177.79, 9879, 
6177.792, 9878, 
6177.794, 9878, 
6177.796, 9878, 
6177.798, 9877, 
6177.8, 9877, 
6177.802, 9876, 
6177.804, 9876, 
6177.806, 9876, 
6177.808, 9875, 
6177.81, 9875, 
6177.812, 9875, 
6177.814, 9874, 
6177.816, 9874, 
6177.818, 9874, 
6177.82, 9873, 
6177.822, 9873, 
6177.824, 9873, 
6177.826, 9873, 
6177.828, 9873, 
6177.83, 9872, 
6177.832, 9872, 
6177.834, 9871, 
6177.836, 9871, 
6177.838, 9871, 
6177.84, 9871, 
6177.842, 9870, 
6177.844, 9870, 
6177.846, 9869, 
6177.848, 9869, 
6177.85, 9869, 
6177.852, 9868, 
6177.854, 9868, 
6177.856, 9868, 
6177.858, 9867, 
6177.86, 9867, 
6177.862, 9866, 
6177.864, 9866, 
6177.866, 9865, 
6177.868, 9865, 
6177.87, 9864, 
6177.872, 9864, 
6177.874, 9863, 
6177.876, 9863, 
6177.878, 9863, 
6177.88, 9862, 
6177.882, 9862, 
6177.884, 9861, 
6177.886, 9860, 
6177.888, 9859, 
6177.89, 9859, 
6177.892, 9859, 
6177.894, 9858, 
6177.896, 9858, 
6177.898, 9857, 
6177.9, 9856, 
6177.902, 9856, 
6177.904, 9856, 
6177.906, 9856, 
6177.908, 9856, 
6177.91, 9856, 
6177.912, 9856, 
6177.914, 9856, 
6177.916, 9856, 
6177.918, 9856, 
6177.92, 9856, 
6177.922, 9856, 
6177.924, 9856, 
6177.926, 9857, 
6177.928, 9857, 
6177.93, 9857, 
6177.932, 9858, 
6177.934, 9859, 
6177.936, 9860, 
6177.938, 9860, 
6177.94, 9861, 
6177.942, 9861, 
6177.944, 9862, 
6177.946, 9863, 
6177.948, 9864, 
6177.95, 9865, 
6177.952, 9866, 
6177.954, 9866, 
6177.956, 9867, 
6177.958, 9868, 
6177.96, 9869, 
6177.962, 9869, 
6177.964, 9870, 
6177.966, 9871, 
6177.968, 9871, 
6177.97, 9871, 
6177.972, 9871, 
6177.974, 9872, 
6177.976, 9872, 
6177.978, 9872, 
6177.98, 9872, 
6177.982, 9872, 
6177.984, 9872, 
6177.986, 9872, 
6177.988, 9872, 
6177.99, 9872, 
6177.992, 9871, 
6177.994, 9871, 
6177.996, 9870, 
6177.998, 9870, 
6178.0, 9870, 