Wavelength (Angstroms), Normalized intensity, Element
3964.0, 4680, 
3964.002, 4661, 
3964.004, 4643, 
3964.006, 4626, 
3964.008, 4609, 
3964.01, 4593, 
3964.012, 4581, 
3964.014, 4573, 
3964.016, 4571, 
3964.018, 4571, 
3964.02, 4572, 
3964.022, 4578, 
3964.024, 4590, 
3964.026, 4604, 
3964.028, 4618, 
3964.03, 4633, 
3964.032, 4651, 
3964.034, 4669, 
3964.036, 4688, 
3964.038, 4710, 
3964.04, 4730, 
3964.042, 4749, 
3964.044, 4768, 
3964.046, 4785, 
3964.048, 4802, 
3964.05, 4818, 
3964.052, 4832, 
3964.054, 4845, 
3964.056, 4857, 
3964.058, 4866, 
3964.06, 4876, 
3964.062, 4884, 
3964.064, 4891, 
3964.066, 4898, 
3964.068, 4904, 
3964.07, 4910, 
3964.072, 4914, 
3964.074, 4917, 
3964.076, 4919, 
3964.078, 4921, 
3964.08, 4922, 
3964.082, 4922, 
3964.084, 4922, 
3964.086, 4922, 
3964.088, 4921, 
3964.09, 4919, 
3964.092, 4917, 
3964.094, 4914, 
3964.096, 4912, 
3964.098, 4908, 
3964.1, 4904, 
3964.102, 4899, 
3964.104, 4895, 
3964.106, 4890, 
3964.108, 4883, 
3964.11, 4876, 
3964.112, 4869, 
3964.114, 4860, 
3964.116, 4849, 
3964.118, 4839, 
3964.12, 4826, 
3964.122, 4814, 
3964.124, 4800, 
3964.126, 4782, 
3964.128, 4760, 
3964.13, 4737, 
3964.132, 4711, 
3964.134, 4685, 
3964.136, 4656, 
3964.138, 4626, 
3964.14, 4593, 
3964.142, 4557, 
3964.144, 4515, 
3964.146, 4470, 
3964.148, 4423, 
3964.15, 4372, 
3964.152, 4318, 
3964.154, 4261, 
3964.156, 4205, 
3964.158, 4141, 
3964.16, 4075, 
3964.162, 4012, 
3964.164, 3952, 
3964.166, 3891, 
3964.168, 3829, 
3964.17, 3770, 
3964.172, 3714, 
3964.174, 3660, 
3964.176, 3608, 
3964.178, 3558, 
3964.18, 3515, 
3964.182, 3476, 
3964.184, 3442, 
3964.186, 3415, 
3964.188, 3395, 
3964.19, 3380, 
3964.192, 3373, 
3964.194, 3373, 
3964.196, 3382, 
3964.198, 3398, 
3964.2, 3419, 
3964.202, 3444, 
3964.204, 3473, 
3964.206, 3503, 
3964.208, 3535, 
3964.21, 3567, 
3964.212, 3601, 
3964.214, 3631, 
3964.216, 3653, 
3964.218, 3665, 
3964.22, 3667, 
3964.222, 3660, 
3964.224, 3642, 
3964.226, 3613, 
3964.228, 3570, 
3964.23, 3516, 
3964.232, 3451, 
3964.234, 3374, 
3964.236, 3286, 
3964.238, 3186, 
3964.24, 3079, 
3964.242, 2966, 
3964.244, 2848, 
3964.246, 2732, 
3964.248, 2614, 
3964.25, 2495, 
3964.252, 2378, 
3964.254, 2262, 
3964.256, 2154, 
3964.258, 2051, 
3964.26, 1957, 
3964.262, 1872, 
3964.264, 1795, 
3964.266, 1731, 
3964.268, 1682, 
3964.27, 1643, 
3964.272, 1616, 
3964.274, 1604, 
3964.276, 1606, 
3964.278, 1622, 
3964.28, 1655, 
3964.282, 1705, 
3964.284, 1770, 
3964.286, 1850, 
3964.288, 1945, 
3964.29, 2059, 
3964.292, 2184, 
3964.294, 2325, 
3964.296, 2473, 
3964.298, 2626, 
3964.3, 2774, 
3964.302, 2928, 
3964.304, 3076, 
3964.306, 3212, 
3964.308, 3339, 
3964.31, 3462, 
3964.312, 3576, 
3964.314, 3680, 
3964.316, 3779, 
3964.318, 3869, 
3964.32, 3945, 
3964.322, 4007, 
3964.324, 4062, 
3964.326, 4115, 
3964.328, 4163, 
3964.33, 4205, 
3964.332, 4241, 
3964.334, 4272, 
3964.336, 4299, 
3964.338, 4323, 
3964.34, 4346, 
3964.342, 4367, 
3964.344, 4386, 
3964.346, 4402, 
3964.348, 4416, 
3964.35, 4430, 
3964.352, 4442, 
3964.354, 4454, 
3964.356, 4466, 
3964.358, 4477, 
3964.36, 4487, 
3964.362, 4496, 
3964.364, 4505, 
3964.366, 4512, 
3964.368, 4520, 
3964.37, 4526, 
3964.372, 4532, 
3964.374, 4538, 
3964.376, 4542, 
3964.378, 4546, 
3964.38, 4549, 
3964.382, 4553, 
3964.384, 4555, 
3964.386, 4557, 
3964.388, 4558, 
3964.39, 4558, 
3964.392, 4558, 
3964.394, 4557, 
3964.396, 4556, 
3964.398, 4554, 
3964.4, 4552, 
3964.402, 4549, 
3964.404, 4545, 
3964.406, 4542, 
3964.408, 4539, 
3964.41, 4535, 
3964.412, 4530, 
3964.414, 4525, 
3964.416, 4519, 
3964.418, 4513, 
3964.42, 4506, 
3964.422, 4499, 
3964.424, 4490, 
3964.426, 4482, 
3964.428, 4472, 
3964.43, 4462, 
3964.432, 4452, 
3964.434, 4440, 
3964.436, 4427, 
3964.438, 4411, 
3964.44, 4395, 
3964.442, 4375, 
3964.444, 4353, 
3964.446, 4330, 
3964.448, 4301, 
3964.45, 4270, 
3964.452, 4232, 
3964.454, 4192, 
3964.456, 4148, 
3964.458, 4102, 
3964.46, 4047, 
3964.462, 3988, 
3964.464, 3922, 
3964.466, 3849, 
3964.468, 3767, 
3964.47, 3680, 
3964.472, 3590, 
3964.474, 3491, 
3964.476, 3387, 
3964.478, 3277, 
3964.48, 3164, 
3964.482, 3047, 
3964.484, 2926, 
3964.486, 2797, 
3964.488, 2666, 
3964.49, 2538, 
3964.492, 2411, 
3964.494, 2286, 
3964.496, 2165, 
3964.498, 2046, 
3964.5, 1934, 
3964.502, 1829, 
3964.504, 1731, 
3964.506, 1644, 
3964.508, 1567, 
3964.51, 1498, 
3964.512, 1438, 
3964.514, 1393, 
3964.516, 1357, 
3964.518, 1330, 
3964.52, 1312, 
3964.522, 1306, 
3964.524, 1311, 
3964.526, 1328, 
3964.528, 1358, 
3964.53, 1398, 
3964.532, 1449, 
3964.534, 1518, 
3964.536, 1601, 
3964.538, 1695, 
3964.54, 1801, 
3964.542, 1915, 
3964.544, 2039, 
3964.546, 2172, 
3964.548, 2300, 
3964.55, 2425, 
3964.552, 2549, 
3964.554, 2667, 
3964.556, 2778, 
3964.558, 2882, 
3964.56, 2980, 
3964.562, 3072, 
3964.564, 3156, 
3964.566, 3232, 
3964.568, 3303, 
3964.57, 3370, 
3964.572, 3433, 
3964.574, 3487, 
3964.576, 3539, 
3964.578, 3591, 
3964.58, 3643, 
3964.582, 3692, 
3964.584, 3739, 
3964.586, 3784, 
3964.588, 3827, 
3964.59, 3867, 
3964.592, 3905, 
3964.594, 3940, 
3964.596, 3973, 
3964.598, 4004, 
3964.6, 4033, 
3964.602, 4060, 
3964.604, 4085, 
3964.606, 4108, 
3964.608, 4130, 
3964.61, 4149, 
3964.612, 4165, 
3964.614, 4179, 
3964.616, 4192, 
3964.618, 4205, 
3964.62, 4216, 
3964.622, 4225, 
3964.624, 4234, 
3964.626, 4242, 
3964.628, 4249, 
3964.63, 4255, 
3964.632, 4260, 
3964.634, 4264, 
3964.636, 4268, 
3964.638, 4271, 
3964.64, 4274, 
3964.642, 4275, 
3964.644, 4276, 
3964.646, 4277, 
3964.648, 4277, 
3964.65, 4277, 
3964.652, 4277, 
3964.654, 4276, 
3964.656, 4274, 
3964.658, 4273, 
3964.66, 4271, 
3964.662, 4269, 
3964.664, 4266, 
3964.666, 4264, 
3964.668, 4261, 
3964.67, 4258, 
3964.672, 4255, 
3964.674, 4253, 
3964.676, 4249, 
3964.678, 4247, 
3964.68, 4244, 
3964.682, 4241, 
3964.684, 4238, 
3964.686, 4235, 
3964.688, 4233, 
3964.69, 4230, 
3964.692, 4227, 
3964.694, 4225, 
3964.696, 4222, 
3964.698, 4219, 
3964.7, 4216, 
3964.702, 4213, 
3964.704, 4210, 
3964.706, 4206, 
3964.708, 4203, 
3964.71, 4200, 
3964.712, 4196, 
3964.714, 4193, 
3964.716, 4189, 
3964.718, 4186, 
3964.72, 4182, 
3964.722, 4177, 
3964.724, 4174, 
3964.726, 4170, 
3964.728, 4167, 
3964.73, 4163, 
3964.732, 4161, 
3964.734, 4157, 
3964.736, 4155, 
3964.738, 4152, 
3964.74, 4149, 
3964.742, 4148, 
3964.744, 4145, 
3964.746, 4144, 
3964.748, 4143, 
3964.75, 4142, 
3964.752, 4141, 
3964.754, 4140, 
3964.756, 4138, 
3964.758, 4138, 
3964.76, 4137, 
3964.762, 4136, 
3964.764, 4136, 
3964.766, 4135, 
3964.768, 4134, 
3964.77, 4132, 
3964.772, 4131, 
3964.774, 4129, 
3964.776, 4127, 
3964.778, 4126, 
3964.78, 4124, 
3964.782, 4123, 
3964.784, 4120, 
3964.786, 4118, 
3964.788, 4117, 
3964.79, 4115, 
3964.792, 4113, 
3964.794, 4112, 
3964.796, 4109, 
3964.798, 4108, 
3964.8, 4106, 
3964.802, 4105, 
3964.804, 4102, 
3964.806, 4101, 
3964.808, 4099, 
3964.81, 4097, 
3964.812, 4094, 
3964.814, 4092, 
3964.816, 4090, 
3964.818, 4088, 
3964.82, 4087, 
3964.822, 4085, 
3964.824, 4082, 
3964.826, 4080, 
3964.828, 4078, 
3964.83, 4077, 
3964.832, 4075, 
3964.834, 4072, 
3964.836, 4069, 
3964.838, 4067, 
3964.84, 4064, 
3964.842, 4061, 
3964.844, 4058, 
3964.846, 4055, 
3964.848, 4052, 
3964.85, 4050, 
3964.852, 4047, 
3964.854, 4045, 
3964.856, 4042, 
3964.858, 4040, 
3964.86, 4038, 
3964.862, 4035, 
3964.864, 4033, 
3964.866, 4030, 
3964.868, 4028, 
3964.87, 4025, 
3964.872, 4022, 
3964.874, 4019, 
3964.876, 4015, 
3964.878, 4011, 
3964.88, 4007, 
3964.882, 4003, 
3964.884, 3998, 
3964.886, 3993, 
3964.888, 3989, 
3964.89, 3983, 
3964.892, 3978, 
3964.894, 3974, 
3964.896, 3971, 
3964.898, 3968, 
3964.9, 3965, 
3964.902, 3963, 
3964.904, 3961, 
3964.906, 3960, 
3964.908, 3960, 
3964.91, 3962, 
3964.912, 3963, 
3964.914, 3963, 
3964.916, 3965, 
3964.918, 3966, 
3964.92, 3968, 
3964.922, 3970, 
3964.924, 3971, 
3964.926, 3973, 
3964.928, 3975, 
3964.93, 3976, 
3964.932, 3976, 
3964.934, 3977, 
3964.936, 3976, 
3964.938, 3976, 
3964.94, 3975, 
3964.942, 3974, 
3964.944, 3973, 
3964.946, 3971, 
3964.948, 3969, 
3964.95, 3967, 
3964.952, 3965, 
3964.954, 3962, 
3964.956, 3959, 
3964.958, 3955, 
3964.96, 3952, 
3964.962, 3949, 
3964.964, 3945, 
3964.966, 3943, 
3964.968, 3939, 
3964.97, 3935, 
3964.972, 3932, 
3964.974, 3928, 
3964.976, 3924, 
3964.978, 3920, 
3964.98, 3916, 
3964.982, 3912, 
3964.984, 3908, 
3964.986, 3905, 
3964.988, 3901, 
3964.99, 3897, 
3964.992, 3893, 
3964.994, 3889, 
3964.996, 3886, 
3964.998, 3885, 
3965.0, 3880, 
3965.002, 3879, 
3965.004, 3876, 
3965.006, 3873, 
3965.008, 3871, 
3965.01, 3870, 
3965.012, 3868, 
3965.014, 3867, 
3965.016, 3865, 
3965.018, 3864, 
3965.02, 3864, 
3965.022, 3863, 
3965.024, 3862, 
3965.026, 3862, 
3965.028, 3862, 
3965.03, 3862, 
3965.032, 3861, 
3965.034, 3861, 
3965.036, 3860, 
3965.038, 3859, 
3965.04, 3858, 
3965.042, 3857, 
3965.044, 3856, 
3965.046, 3855, 
3965.048, 3854, 
3965.05, 3853, 
3965.052, 3851, 
3965.054, 3850, 
3965.056, 3850, 
3965.058, 3848, 
3965.06, 3846, 
3965.062, 3844, 
3965.064, 3842, 
3965.066, 3840, 
3965.068, 3837, 
3965.07, 3835, 
3965.072, 3832, 
3965.074, 3830, 
3965.076, 3827, 
3965.078, 3824, 
3965.08, 3821, 
3965.082, 3818, 
3965.084, 3817, 
3965.086, 3814, 
3965.088, 3812, 
3965.09, 3810, 
3965.092, 3808, 
3965.094, 3805, 
3965.096, 3804, 
3965.098, 3802, 
3965.1, 3800, 
3965.102, 3799, 
3965.104, 3797, 
3965.106, 3795, 
3965.108, 3794, 
3965.11, 3792, 
3965.112, 3791, 
3965.114, 3789, 
3965.116, 3788, 
3965.118, 3786, 
3965.12, 3784, 
3965.122, 3782, 
3965.124, 3780, 
3965.126, 3778, 
3965.128, 3775, 
3965.13, 3773, 
3965.132, 3770, 
3965.134, 3767, 
3965.136, 3764, 
3965.138, 3760, 
3965.14, 3758, 
3965.142, 3754, 
3965.144, 3750, 
3965.146, 3746, 
3965.148, 3742, 
3965.15, 3737, 
3965.152, 3732, 
3965.154, 3727, 
3965.156, 3722, 
3965.158, 3716, 
3965.16, 3711, 
3965.162, 3706, 
3965.164, 3700, 
3965.166, 3695, 
3965.168, 3689, 
3965.17, 3684, 
3965.172, 3679, 
3965.174, 3673, 
3965.176, 3668, 
3965.178, 3662, 
3965.18, 3657, 
3965.182, 3651, 
3965.184, 3645, 
3965.186, 3639, 
3965.188, 3633, 
3965.19, 3627, 
3965.192, 3620, 
3965.194, 3614, 
3965.196, 3607, 
3965.198, 3601, 
3965.2, 3593, 
3965.202, 3586, 
3965.204, 3579, 
3965.206, 3570, 
3965.208, 3562, 
3965.21, 3553, 
3965.212, 3544, 
3965.214, 3535, 
3965.216, 3526, 
3965.218, 3518, 
3965.22, 3510, 
3965.222, 3503, 
3965.224, 3496, 
3965.226, 3491, 
3965.228, 3485, 
3965.23, 3482, 
3965.232, 3479, 
3965.234, 3476, 
3965.236, 3475, 
3965.238, 3475, 
3965.24, 3476, 
3965.242, 3477, 
3965.244, 3481, 
3965.246, 3484, 
3965.248, 3488, 
3965.25, 3493, 
3965.252, 3499, 
3965.254, 3505, 
3965.256, 3512, 
3965.258, 3518, 
3965.26, 3524, 
3965.262, 3529, 
3965.264, 3533, 
3965.266, 3537, 
3965.268, 3541, 
3965.27, 3544, 
3965.272, 3546, 
3965.274, 3548, 
3965.276, 3549, 
3965.278, 3549, 
3965.28, 3549, 
3965.282, 3549, 
3965.284, 3548, 
3965.286, 3547, 
3965.288, 3546, 
3965.29, 3545, 
3965.292, 3544, 
3965.294, 3542, 
3965.296, 3541, 
3965.298, 3538, 
3965.3, 3535, 
3965.302, 3533, 
3965.304, 3530, 
3965.306, 3527, 
3965.308, 3523, 
3965.31, 3519, 
3965.312, 3516, 
3965.314, 3512, 
3965.316, 3508, 
3965.318, 3504, 
3965.32, 3499, 
3965.322, 3495, 
3965.324, 3492, 
3965.326, 3489, 
3965.328, 3484, 
3965.33, 3481, 
3965.332, 3478, 
3965.334, 3475, 
3965.336, 3472, 
3965.338, 3469, 
3965.34, 3468, 
3965.342, 3466, 
3965.344, 3465, 
3965.346, 3464, 
3965.348, 3463, 
3965.35, 3462, 
3965.352, 3461, 
3965.354, 3460, 
3965.356, 3459, 
3965.358, 3458, 
3965.36, 3456, 
3965.362, 3453, 
3965.364, 3451, 
3965.366, 3448, 
3965.368, 3445, 
3965.37, 3441, 
3965.372, 3437, 
3965.374, 3433, 
3965.376, 3429, 
3965.378, 3424, 
3965.38, 3420, 
3965.382, 3416, 
3965.384, 3411, 
3965.386, 3407, 
3965.388, 3402, 
3965.39, 3398, 
3965.392, 3395, 
3965.394, 3390, 
3965.396, 3386, 
3965.398, 3382, 
3965.4, 3378, 
3965.402, 3373, 
3965.404, 3369, 
3965.406, 3363, 
3965.408, 3358, 
3965.41, 3353, 
3965.412, 3347, 
3965.414, 3341, 
3965.416, 3334, 
3965.418, 3326, 
3965.42, 3317, 
3965.422, 3308, 
3965.424, 3297, 
3965.426, 3285, 
3965.428, 3272, 
3965.43, 3257, 
3965.432, 3238, 
3965.434, 3217, 
3965.436, 3195, 
3965.438, 3171, 
3965.44, 3146, 
3965.442, 3122, 
3965.444, 3095, 
3965.446, 3066, 
3965.448, 3037, 
3965.45, 3007, 
3965.452, 2975, 
3965.454, 2946, 
3965.456, 2917, 
3965.458, 2888, 
3965.46, 2858, 
3965.462, 2827, 
3965.464, 2796, 
3965.466, 2765, 
3965.468, 2732, 
3965.47, 2697, 
3965.472, 2657, 
3965.474, 2616, 
3965.476, 2571, 
3965.478, 2523, 
3965.48, 2471, 
3965.482, 2415, 
3965.484, 2355, 
3965.486, 2292, 
3965.488, 2226, 
3965.49, 2159, 
3965.492, 2087, 
3965.494, 2015, 
3965.496, 1943, 
3965.498, 1875, 
3965.5, 1813, 
3965.502, 1756, 
3965.504, 1703, 
3965.506, 1656, 
3965.508, 1619, 
3965.51, 1591, 
3965.512, 1573, 
3965.514, 1565, 
3965.516, 1567, 
3965.518, 1581, 
3965.52, 1606, 
3965.522, 1642, 
3965.524, 1689, 
3965.526, 1749, 
3965.528, 1818, 
3965.53, 1897, 
3965.532, 1981, 
3965.534, 2070, 
3965.536, 2157, 
3965.538, 2247, 
3965.54, 2338, 
3965.542, 2428, 
3965.544, 2514, 
3965.546, 2594, 
3965.548, 2666, 
3965.55, 2731, 
3965.552, 2791, 
3965.554, 2845, 
3965.556, 2894, 
3965.558, 2937, 
3965.56, 2973, 
3965.562, 3005, 
3965.564, 3032, 
3965.566, 3052, 
3965.568, 3072, 
3965.57, 3087, 
3965.572, 3100, 
3965.574, 3109, 
3965.576, 3118, 
3965.578, 3126, 
3965.58, 3132, 
3965.582, 3138, 
3965.584, 3143, 
3965.586, 3146, 
3965.588, 3149, 
3965.59, 3151, 
3965.592, 3153, 
3965.594, 3155, 
3965.596, 3156, 
3965.598, 3157, 
3965.6, 3158, 
3965.602, 3159, 
3965.604, 3160, 
3965.606, 3161, 
3965.608, 3162, 
3965.61, 3163, 
3965.612, 3164, 
3965.614, 3165, 
3965.616, 3167, 
3965.618, 3168, 
3965.62, 3169, 
3965.622, 3170, 
3965.624, 3170, 
3965.626, 3170, 
3965.628, 3170, 
3965.63, 3170, 
3965.632, 3169, 
3965.634, 3167, 
3965.636, 3167, 
3965.638, 3165, 
3965.64, 3164, 
3965.642, 3162, 
3965.644, 3160, 
3965.646, 3158, 
3965.648, 3156, 
3965.65, 3152, 
3965.652, 3149, 
3965.654, 3146, 
3965.656, 3141, 
3965.658, 3136, 
3965.66, 3131, 
3965.662, 3125, 
3965.664, 3119, 
3965.666, 3112, 
3965.668, 3104, 
3965.67, 3095, 
3965.672, 3086, 
3965.674, 3076, 
3965.676, 3065, 
3965.678, 3052, 
3965.68, 3037, 
3965.682, 3022, 
3965.684, 3004, 
3965.686, 2986, 
3965.688, 2966, 
3965.69, 2944, 
3965.692, 2921, 
3965.694, 2896, 
3965.696, 2870, 
3965.698, 2843, 
3965.7, 2816, 
3965.702, 2788, 
3965.704, 2761, 
3965.706, 2734, 
3965.708, 2709, 
3965.71, 2685, 
3965.712, 2662, 
3965.714, 2641, 
3965.716, 2624, 
3965.718, 2611, 
3965.72, 2602, 
3965.722, 2597, 
3965.724, 2598, 
3965.726, 2603, 
3965.728, 2610, 
3965.73, 2621, 
3965.732, 2634, 
3965.734, 2655, 
3965.736, 2678, 
3965.738, 2705, 
3965.74, 2730, 
3965.742, 2755, 
3965.744, 2778, 
3965.746, 2801, 
3965.748, 2823, 
3965.75, 2843, 
3965.752, 2862, 
3965.754, 2881, 
3965.756, 2899, 
3965.758, 2913, 
3965.76, 2923, 
3965.762, 2935, 
3965.764, 2944, 
3965.766, 2951, 
3965.768, 2956, 
3965.77, 2959, 
3965.772, 2962, 
3965.774, 2963, 
3965.776, 2964, 
3965.778, 2962, 
3965.78, 2960, 
3965.782, 2958, 
3965.784, 2954, 
3965.786, 2950, 
3965.788, 2944, 
3965.79, 2936, 
3965.792, 2929, 
3965.794, 2921, 
3965.796, 2910, 
3965.798, 2898, 
3965.8, 2885, 
3965.802, 2870, 
3965.804, 2853, 
3965.806, 2834, 
3965.808, 2813, 
3965.81, 2793, 
3965.812, 2770, 
3965.814, 2747, 
3965.816, 2726, 
3965.818, 2704, 
3965.82, 2684, 
3965.822, 2665, 
3965.824, 2646, 
3965.826, 2629, 
3965.828, 2617, 
3965.83, 2603, 
3965.832, 2593, 
3965.834, 2595, 
3965.836, 2592, 
3965.838, 2593, 
3965.84, 2596, 
3965.842, 2606, 
3965.844, 2613, 
3965.846, 2622, 
3965.848, 2631, 
3965.85, 2643, 
3965.852, 2655, 
3965.854, 2666, 
3965.856, 2678, 
3965.858, 2690, 
3965.86, 2698, 
3965.862, 2704, 
3965.864, 2709, 
3965.866, 2710, 
3965.868, 2711, 
3965.87, 2708, 
3965.872, 2701, 
3965.874, 2688, 
3965.876, 2670, 
3965.878, 2650, 
3965.88, 2625, 
3965.882, 2600, 
3965.884, 2572, 
3965.886, 2542, 
3965.888, 2508, 
3965.89, 2469, 
3965.892, 2429, 
3965.894, 2387, 
3965.896, 2343, 
3965.898, 2294, 
3965.9, 2242, 
3965.902, 2189, 
3965.904, 2137, 
3965.906, 2089, 
3965.908, 2048, 
3965.91, 2008, 
3965.912, 1971, 
3965.914, 1935, 
3965.916, 1907, 
3965.918, 1888, 
3965.92, 1876, 
3965.922, 1871, 
3965.924, 1873, 
3965.926, 1882, 
3965.928, 1897, 
3965.93, 1918, 
3965.932, 1945, 
3965.934, 1980, 
3965.936, 2017, 
3965.938, 2055, 
3965.94, 2091, 
3965.942, 2129, 
3965.944, 2168, 
3965.946, 2209, 
3965.948, 2250, 
3965.95, 2290, 
3965.952, 2326, 
3965.954, 2355, 
3965.956, 2383, 
3965.958, 2408, 
3965.96, 2431, 
3965.962, 2458, 
3965.964, 2474, 
3965.966, 2487, 
3965.968, 2500, 
3965.97, 2512, 
3965.972, 2521, 
3965.974, 2530, 
3965.976, 2536, 
3965.978, 2544, 
3965.98, 2544, 
3965.982, 2540, 
3965.984, 2537, 
3965.986, 2533, 
3965.988, 2527, 
3965.99, 2520, 
3965.992, 2509, 
3965.994, 2497, 
3965.996, 2483, 
3965.998, 2465, 
3966.0, 2446, 
3966.002, 2424, 
3966.004, 2400, 
3966.006, 2373, 
3966.008, 2340, 
3966.01, 2301, 
3966.012, 2258, 
3966.014, 2211, 
3966.016, 2153, 
3966.018, 2094, 
3966.02, 2033, 
3966.022, 1965, 
3966.024, 1890, 
3966.026, 1813, 
3966.028, 1732, 
3966.03, 1648, 
3966.032, 1563, 
3966.034, 1484, 
3966.036, 1404, 
3966.038, 1323, 
3966.04, 1249, 
3966.042, 1178, 
3966.044, 1111, 
3966.046, 1055, 
3966.048, 998, 
3966.05, 948, 
3966.052, 905, 
3966.054, 873, 
3966.056, 840, 
3966.058, 813, 
3966.06, 786, 
3966.062, 771, 
3966.064, 759, 
3966.066, 748, 
3966.068, 741, 
3966.07, 739, 
3966.072, 741, 
3966.074, 749, 
3966.076, 761, 
3966.078, 776, 
3966.08, 794, 
3966.082, 819, 
3966.084, 849, 
3966.086, 885, 
3966.088, 932, 
3966.09, 978, 
3966.092, 1037, 
3966.094, 1098, 
3966.096, 1160, 
3966.098, 1240, 
3966.1, 1329, 
3966.102, 1412, 
3966.104, 1500, 
3966.106, 1588, 
3966.108, 1676, 
3966.11, 1761, 
3966.112, 1838, 
3966.114, 1913, 
3966.116, 1982, 
3966.118, 2045, 
3966.12, 2105, 
3966.122, 2156, 
3966.124, 2202, 
3966.126, 2244, 
3966.128, 2279, 
3966.13, 2309, 
3966.132, 2335, 
3966.134, 2360, 
3966.136, 2382, 
3966.138, 2401, 
3966.14, 2417, 
3966.142, 2431, 
3966.144, 2443, 
3966.146, 2454, 
3966.148, 2465, 
3966.15, 2474, 
3966.152, 2483, 
3966.154, 2491, 
3966.156, 2499, 
3966.158, 2506, 
3966.16, 2514, 
3966.162, 2520, 
3966.164, 2525, 
3966.166, 2530, 
3966.168, 2534, 
3966.17, 2538, 
3966.172, 2541, 
3966.174, 2545, 
3966.176, 2547, 
3966.178, 2549, 
3966.18, 2551, 
3966.182, 2552, 
3966.184, 2554, 
3966.186, 2554, 
3966.188, 2555, 
3966.19, 2555, 
3966.192, 2556, 
3966.194, 2556, 
3966.196, 2556, 
3966.198, 2556, 
3966.2, 2556, 
3966.202, 2556, 
3966.204, 2557, 
3966.206, 2557, 
3966.208, 2557, 
3966.21, 2556, 
3966.212, 2556, 
3966.214, 2556, 
3966.216, 2555, 
3966.218, 2555, 
3966.22, 2554, 
3966.222, 2553, 
3966.224, 2552, 
3966.226, 2551, 
3966.228, 2550, 
3966.23, 2549, 
3966.232, 2547, 
3966.234, 2545, 
3966.236, 2543, 
3966.238, 2542, 
3966.24, 2541, 
3966.242, 2540, 
3966.244, 2539, 
3966.246, 2537, 
3966.248, 2536, 
3966.25, 2535, 
3966.252, 2534, 
3966.254, 2532, 
3966.256, 2530, 
3966.258, 2529, 
3966.26, 2528, 
3966.262, 2527, 
3966.264, 2526, 
3966.266, 2524, 
3966.268, 2523, 
3966.27, 2522, 
3966.272, 2521, 
3966.274, 2519, 
3966.276, 2518, 
3966.278, 2516, 
3966.28, 2515, 
3966.282, 2514, 
3966.284, 2511, 
3966.286, 2510, 
3966.288, 2508, 
3966.29, 2506, 
3966.292, 2504, 
3966.294, 2502, 
3966.296, 2500, 
3966.298, 2497, 
3966.3, 2495, 
3966.302, 2493, 
3966.304, 2492, 
3966.306, 2490, 
3966.308, 2488, 
3966.31, 2486, 
3966.312, 2484, 
3966.314, 2483, 
3966.316, 2481, 
3966.318, 2479, 
3966.32, 2477, 
3966.322, 2475, 
3966.324, 2473, 
3966.326, 2471, 
3966.328, 2469, 
3966.33, 2467, 
3966.332, 2465, 
3966.334, 2463, 
3966.336, 2460, 
3966.338, 2459, 
3966.34, 2456, 
3966.342, 2453, 
3966.344, 2451, 
3966.346, 2449, 
3966.348, 2447, 
3966.35, 2445, 
3966.352, 2443, 
3966.354, 2439, 
3966.356, 2438, 
3966.358, 2436, 
3966.36, 2434, 
3966.362, 2432, 
3966.364, 2430, 
3966.366, 2429, 
3966.368, 2427, 
3966.37, 2425, 
3966.372, 2423, 
3966.374, 2420, 
3966.376, 2418, 
3966.378, 2416, 
3966.38, 2413, 
3966.382, 2411, 
3966.384, 2408, 
3966.386, 2405, 
3966.388, 2403, 
3966.39, 2400, 
3966.392, 2397, 
3966.394, 2394, 
3966.396, 2392, 
3966.398, 2389, 
3966.4, 2386, 
3966.402, 2383, 
3966.404, 2380, 
3966.406, 2377, 
3966.408, 2373, 
3966.41, 2370, 
3966.412, 2366, 
3966.414, 2362, 
3966.416, 2357, 
3966.418, 2353, 
3966.42, 2348, 
3966.422, 2343, 
3966.424, 2337, 
3966.426, 2332, 
3966.428, 2326, 
3966.43, 2319, 
3966.432, 2312, 
3966.434, 2306, 
3966.436, 2299, 
3966.438, 2291, 
3966.44, 2283, 
3966.442, 2274, 
3966.444, 2265, 
3966.446, 2255, 
3966.448, 2245, 
3966.45, 2233, 
3966.452, 2219, 
3966.454, 2204, 
3966.456, 2186, 
3966.458, 2165, 
3966.46, 2141, 
3966.462, 2116, 
3966.464, 2087, 
3966.466, 2052, 
3966.468, 2011, 
3966.47, 1967, 
3966.472, 1920, 
3966.474, 1869, 
3966.476, 1816, 
3966.478, 1761, 
3966.48, 1702, 
3966.482, 1643, 
3966.484, 1586, 
3966.486, 1528, 
3966.488, 1472, 
3966.49, 1421, 
3966.492, 1372, 
3966.494, 1329, 
3966.496, 1292, 
3966.498, 1259, 
3966.5, 1230, 
3966.502, 1207, 
3966.504, 1190, 
3966.506, 1181, 
3966.508, 1177, 
3966.51, 1181, 
3966.512, 1191, 
3966.514, 1208, 
3966.516, 1230, 
3966.518, 1258, 
3966.52, 1290, 
3966.522, 1325, 
3966.524, 1365, 
3966.526, 1407, 
3966.528, 1453, 
3966.53, 1500, 
3966.532, 1544, 
3966.534, 1589, 
3966.536, 1633, 
3966.538, 1673, 
3966.54, 1707, 
3966.542, 1742, 
3966.544, 1771, 
3966.546, 1798, 
3966.548, 1822, 
3966.55, 1846, 
3966.552, 1869, 
3966.554, 1889, 
3966.556, 1907, 
3966.558, 1923, 
3966.56, 1937, 
3966.562, 1950, 
3966.564, 1960, 
3966.566, 1969, 
3966.568, 1974, 
3966.57, 1975, 
3966.572, 1974, 
3966.574, 1966, 
3966.576, 1953, 
3966.578, 1936, 
3966.58, 1913, 
3966.582, 1884, 
3966.584, 1852, 
3966.586, 1811, 
3966.588, 1768, 
3966.59, 1721, 
3966.592, 1668, 
3966.594, 1610, 
3966.596, 1549, 
3966.598, 1487, 
3966.6, 1427, 
3966.602, 1367, 
3966.604, 1306, 
3966.606, 1246, 
3966.608, 1189, 
3966.61, 1134, 
3966.612, 1082, 
3966.614, 1038, 
3966.616, 999, 
3966.618, 964, 
3966.62, 932, 
3966.622, 904, 
3966.624, 881, 
3966.626, 864, 
3966.628, 847, 
3966.63, 835, 
3966.632, 827, 
3966.634, 825, 
3966.636, 827, 
3966.638, 833, 
3966.64, 843, 
3966.642, 857, 
3966.644, 878, 
3966.646, 902, 
3966.648, 931, 
3966.65, 969, 
3966.652, 1013, 
3966.654, 1060, 
3966.656, 1112, 
3966.658, 1169, 
3966.66, 1232, 
3966.662, 1298, 
3966.664, 1365, 
3966.666, 1431, 
3966.668, 1499, 
3966.67, 1564, 
3966.672, 1627, 
3966.674, 1684, 
3966.676, 1733, 
3966.678, 1780, 
3966.68, 1822, 
3966.682, 1859, 
3966.684, 1891, 
3966.686, 1920, 
3966.688, 1945, 
3966.69, 1967, 
3966.692, 1984, 
3966.694, 1999, 
3966.696, 2010, 
3966.698, 2022, 
3966.7, 2030, 
3966.702, 2038, 
3966.704, 2045, 
3966.706, 2051, 
3966.708, 2056, 
3966.71, 2061, 
3966.712, 2065, 
3966.714, 2068, 
3966.716, 2071, 
3966.718, 2072, 
3966.72, 2074, 
3966.722, 2074, 
3966.724, 2075, 
3966.726, 2075, 
3966.728, 2075, 
3966.73, 2075, 
3966.732, 2074, 
3966.734, 2073, 
3966.736, 2073, 
3966.738, 2072, 
3966.74, 2070, 
3966.742, 2069, 
3966.744, 2068, 
3966.746, 2066, 
3966.748, 2064, 
3966.75, 2062, 
3966.752, 2059, 
3966.754, 2056, 
3966.756, 2053, 
3966.758, 2050, 
3966.76, 2046, 
3966.762, 2042, 
3966.764, 2037, 
3966.766, 2032, 
3966.768, 2026, 
3966.77, 2020, 
3966.772, 2012, 
3966.774, 2004, 
3966.776, 1995, 
3966.778, 1984, 
3966.78, 1971, 
3966.782, 1957, 
3966.784, 1942, 
3966.786, 1926, 
3966.788, 1908, 
3966.79, 1887, 
3966.792, 1866, 
3966.794, 1843, 
3966.796, 1818, 
3966.798, 1790, 
3966.8, 1763, 
3966.802, 1735, 
3966.804, 1708, 
3966.806, 1684, 
3966.808, 1662, 
3966.81, 1642, 
3966.812, 1626, 
3966.814, 1615, 
3966.816, 1607, 
3966.818, 1604, 
3966.82, 1606, 
3966.822, 1613, 
3966.824, 1624, 
3966.826, 1637, 
3966.828, 1653, 
3966.83, 1674, 
3966.832, 1698, 
3966.834, 1723, 
3966.836, 1748, 
3966.838, 1773, 
3966.84, 1797, 
3966.842, 1820, 
3966.844, 1842, 
3966.846, 1861, 
3966.848, 1878, 
3966.85, 1895, 
3966.852, 1907, 
3966.854, 1920, 
3966.856, 1930, 
3966.858, 1940, 
3966.86, 1947, 
3966.862, 1954, 
3966.864, 1961, 
3966.866, 1966, 
3966.868, 1968, 
3966.87, 1970, 
3966.872, 1973, 
3966.874, 1975, 
3966.876, 1975, 
3966.878, 1975, 
3966.88, 1975, 
3966.882, 1974, 
3966.884, 1974, 
3966.886, 1973, 
3966.888, 1972, 
3966.89, 1971, 
3966.892, 1970, 
3966.894, 1969, 
3966.896, 1968, 
3966.898, 1967, 
3966.9, 1966, 
3966.902, 1965, 
3966.904, 1964, 
3966.906, 1963, 
3966.908, 1961, 
3966.91, 1960, 
3966.912, 1958, 
3966.914, 1956, 
3966.916, 1955, 
3966.918, 1954, 
3966.92, 1951, 
3966.922, 1949, 
3966.924, 1948, 
3966.926, 1946, 
3966.928, 1944, 
3966.93, 1943, 
3966.932, 1941, 
3966.934, 1938, 
3966.936, 1936, 
3966.938, 1934, 
3966.94, 1933, 
3966.942, 1931, 
3966.944, 1929, 
3966.946, 1927, 
3966.948, 1925, 
3966.95, 1922, 
3966.952, 1921, 
3966.954, 1919, 
3966.956, 1918, 
3966.958, 1916, 
3966.96, 1914, 
3966.962, 1913, 
3966.964, 1911, 
3966.966, 1910, 
3966.968, 1909, 
3966.97, 1907, 
3966.972, 1906, 
3966.974, 1905, 
3966.976, 1904, 
3966.978, 1903, 
3966.98, 1902, 
3966.982, 1900, 
3966.984, 1899, 
3966.986, 1897, 
3966.988, 1896, 
3966.99, 1894, 
3966.992, 1893, 
3966.994, 1891, 
3966.996, 1890, 
3966.998, 1887, 
3967.0, 1887, 
3967.002, 1885, 
3967.004, 1884, 
3967.006, 1883, 
3967.008, 1881, 
3967.01, 1880, 
3967.012, 1878, 
3967.014, 1877, 
3967.016, 1876, 
3967.018, 1874, 
3967.02, 1872, 
3967.022, 1870, 
3967.024, 1869, 
3967.026, 1867, 
3967.028, 1866, 
3967.03, 1864, 
3967.032, 1862, 
3967.034, 1860, 
3967.036, 1859, 
3967.038, 1857, 
3967.04, 1855, 
3967.042, 1853, 
3967.044, 1851, 
3967.046, 1848, 
3967.048, 1846, 
3967.05, 1844, 
3967.052, 1842, 
3967.054, 1840, 
3967.056, 1838, 
3967.058, 1835, 
3967.06, 1833, 
3967.062, 1831, 
3967.064, 1829, 
3967.066, 1828, 
3967.068, 1826, 
3967.07, 1824, 
3967.072, 1823, 
3967.074, 1821, 
3967.076, 1820, 
3967.078, 1818, 
3967.08, 1816, 
3967.082, 1815, 
3967.084, 1813, 
3967.086, 1812, 
3967.088, 1810, 
3967.09, 1808, 
3967.092, 1807, 
3967.094, 1805, 
3967.096, 1803, 
3967.098, 1802, 
3967.1, 1800, 
3967.102, 1799, 
3967.104, 1797, 
3967.106, 1795, 
3967.108, 1793, 
3967.11, 1792, 
3967.112, 1790, 
3967.114, 1789, 
3967.116, 1787, 
3967.118, 1786, 
3967.12, 1784, 
3967.122, 1782, 
3967.124, 1781, 
3967.126, 1779, 
3967.128, 1778, 
3967.13, 1776, 
3967.132, 1774, 
3967.134, 1772, 
3967.136, 1771, 
3967.138, 1769, 
3967.14, 1768, 
3967.142, 1766, 
3967.144, 1765, 
3967.146, 1764, 
3967.148, 1762, 
3967.15, 1761, 
3967.152, 1761, 
3967.154, 1760, 
3967.156, 1758, 
3967.158, 1757, 
3967.16, 1756, 
3967.162, 1755, 
3967.164, 1754, 
3967.166, 1753, 
3967.168, 1752, 
3967.17, 1751, 
3967.172, 1750, 
3967.174, 1748, 
3967.176, 1747, 
3967.178, 1745, 
3967.18, 1743, 
3967.182, 1741, 
3967.184, 1739, 
3967.186, 1737, 
3967.188, 1735, 
3967.19, 1733, 
3967.192, 1731, 
3967.194, 1729, 
3967.196, 1726, 
3967.198, 1724, 
3967.2, 1722, 
3967.202, 1721, 
3967.204, 1719, 
3967.206, 1717, 
3967.208, 1714, 
3967.21, 1713, 
3967.212, 1711, 
3967.214, 1709, 
3967.216, 1707, 
3967.218, 1705, 
3967.22, 1703, 
3967.222, 1701, 
3967.224, 1699, 
3967.226, 1698, 
3967.228, 1696, 
3967.23, 1694, 
3967.232, 1693, 
3967.234, 1690, 
3967.236, 1688, 
3967.238, 1687, 
3967.24, 1685, 
3967.242, 1683, 
3967.244, 1681, 
3967.246, 1678, 
3967.248, 1676, 
3967.25, 1675, 
3967.252, 1673, 
3967.254, 1671, 
3967.256, 1669, 
3967.258, 1668, 
3967.26, 1666, 
3967.262, 1665, 
3967.264, 1663, 
3967.266, 1662, 
3967.268, 1660, 
3967.27, 1659, 
3967.272, 1657, 
3967.274, 1656, 
3967.276, 1654, 
3967.278, 1652, 
3967.28, 1651, 
3967.282, 1649, 
3967.284, 1646, 
3967.286, 1644, 
3967.288, 1642, 
3967.29, 1640, 
3967.292, 1639, 
3967.294, 1637, 
3967.296, 1635, 
3967.298, 1633, 
3967.3, 1631, 
3967.302, 1630, 
3967.304, 1628, 
3967.306, 1627, 
3967.308, 1626, 
3967.31, 1624, 
3967.312, 1622, 
3967.314, 1621, 
3967.316, 1619, 
3967.318, 1617, 
3967.32, 1616, 
3967.322, 1613, 
3967.324, 1611, 
3967.326, 1609, 
3967.328, 1608, 
3967.33, 1606, 
3967.332, 1604, 
3967.334, 1602, 
3967.336, 1600, 
3967.338, 1598, 
3967.34, 1597, 
3967.342, 1595, 
3967.344, 1594, 
3967.346, 1592, 
3967.348, 1590, 
3967.35, 1588, 
3967.352, 1586, 
3967.354, 1585, 
3967.356, 1583, 
3967.358, 1581, 
3967.36, 1579, 
3967.362, 1576, 
3967.364, 1573, 
3967.366, 1569, 
3967.368, 1564, 
3967.37, 1558, 
3967.372, 1551, 
3967.374, 1543, 
3967.376, 1534, 
3967.378, 1523, 
3967.38, 1510, 
3967.382, 1496, 
3967.384, 1480, 
3967.386, 1462, 
3967.388, 1443, 
3967.39, 1423, 
3967.392, 1398, 
3967.394, 1369, 
3967.396, 1336, 
3967.398, 1301, 
3967.4, 1265, 
3967.402, 1228, 
3967.404, 1190, 
3967.406, 1153, 
3967.408, 1116, 
3967.41, 1080, 
3967.412, 1044, 
3967.414, 1012, 
3967.416, 986, 
3967.418, 963, 
3967.42, 944, 
3967.422, 927, 
3967.424, 914, 
3967.426, 903, 
3967.428, 898, 
3967.43, 899, 
3967.432, 905, 
3967.434, 913, 
3967.436, 924, 
3967.438, 939, 
3967.44, 961, 
3967.442, 988, 
3967.444, 1018, 
3967.446, 1050, 
3967.448, 1085, 
3967.45, 1122, 
3967.452, 1159, 
3967.454, 1195, 
3967.456, 1229, 
3967.458, 1262, 
3967.46, 1293, 
3967.462, 1320, 
3967.464, 1343, 
3967.466, 1361, 
3967.468, 1378, 
3967.47, 1392, 
3967.472, 1405, 
3967.474, 1416, 
3967.476, 1426, 
3967.478, 1434, 
3967.48, 1440, 
3967.482, 1446, 
3967.484, 1451, 
3967.486, 1454, 
3967.488, 1457, 
3967.49, 1458, 
3967.492, 1459, 
3967.494, 1459, 
3967.496, 1458, 
3967.498, 1458, 
3967.5, 1457, 
3967.502, 1455, 
3967.504, 1454, 
3967.506, 1452, 
3967.508, 1451, 
3967.51, 1450, 
3967.512, 1448, 
3967.514, 1447, 
3967.516, 1446, 
3967.518, 1444, 
3967.52, 1442, 
3967.522, 1441, 
3967.524, 1440, 
3967.526, 1439, 
3967.528, 1438, 
3967.53, 1437, 
3967.532, 1436, 
3967.534, 1435, 
3967.536, 1435, 
3967.538, 1434, 
3967.54, 1433, 
3967.542, 1432, 
3967.544, 1431, 
3967.546, 1430, 
3967.548, 1429, 
3967.55, 1428, 
3967.552, 1426, 
3967.554, 1425, 
3967.556, 1424, 
3967.558, 1423, 
3967.56, 1421, 
3967.562, 1420, 
3967.564, 1418, 
3967.566, 1417, 
3967.568, 1416, 
3967.57, 1414, 
3967.572, 1412, 
3967.574, 1411, 
3967.576, 1410, 
3967.578, 1409, 
3967.58, 1408, 
3967.582, 1407, 
3967.584, 1405, 
3967.586, 1404, 
3967.588, 1403, 
3967.59, 1401, 
3967.592, 1400, 
3967.594, 1399, 
3967.596, 1397, 
3967.598, 1396, 
3967.6, 1394, 
3967.602, 1391, 
3967.604, 1389, 
3967.606, 1387, 
3967.608, 1386, 
3967.61, 1384, 
3967.612, 1382, 
3967.614, 1379, 
3967.616, 1378, 
3967.618, 1376, 
3967.62, 1374, 
3967.622, 1372, 
3967.624, 1370, 
3967.626, 1369, 
3967.628, 1366, 
3967.63, 1364, 
3967.632, 1363, 
3967.634, 1361, 
3967.636, 1360, 
3967.638, 1358, 
3967.64, 1357, 
3967.642, 1355, 
3967.644, 1354, 
3967.646, 1353, 
3967.648, 1351, 
3967.65, 1350, 
3967.652, 1349, 
3967.654, 1347, 
3967.656, 1346, 
3967.658, 1344, 
3967.66, 1343, 
3967.662, 1341, 
3967.664, 1340, 
3967.666, 1338, 
3967.668, 1336, 
3967.67, 1335, 
3967.672, 1334, 
3967.674, 1332, 
3967.676, 1331, 
3967.678, 1329, 
3967.68, 1327, 
3967.682, 1326, 
3967.684, 1324, 
3967.686, 1322, 
3967.688, 1320, 
3967.69, 1318, 
3967.692, 1316, 
3967.694, 1314, 
3967.696, 1312, 
3967.698, 1310, 
3967.7, 1308, 
3967.702, 1306, 
3967.704, 1303, 
3967.706, 1302, 
3967.708, 1300, 
3967.71, 1299, 
3967.712, 1297, 
3967.714, 1296, 
3967.716, 1294, 
3967.718, 1293, 
3967.72, 1292, 
3967.722, 1291, 
3967.724, 1289, 
3967.726, 1288, 
3967.728, 1287, 
3967.73, 1285, 
3967.732, 1283, 
3967.734, 1282, 
3967.736, 1280, 
3967.738, 1278, 
3967.74, 1277, 
3967.742, 1274, 
3967.744, 1272, 
3967.746, 1270, 
3967.748, 1269, 
3967.75, 1267, 
3967.752, 1265, 
3967.754, 1263, 
3967.756, 1260, 
3967.758, 1258, 
3967.76, 1256, 
3967.762, 1254, 
3967.764, 1251, 
3967.766, 1249, 
3967.768, 1247, 
3967.77, 1244, 
3967.772, 1242, 
3967.774, 1240, 
3967.776, 1239, 
3967.778, 1237, 
3967.78, 1235, 
3967.782, 1233, 
3967.784, 1231, 
3967.786, 1229, 
3967.788, 1228, 
3967.79, 1226, 
3967.792, 1225, 
3967.794, 1224, 
3967.796, 1223, 
3967.798, 1222, 
3967.8, 1221, 
3967.802, 1220, 
3967.804, 1218, 
3967.806, 1217, 
3967.808, 1216, 
3967.81, 1215, 
3967.812, 1214, 
3967.814, 1212, 
3967.816, 1211, 
3967.818, 1209, 
3967.82, 1206, 
3967.822, 1204, 
3967.824, 1201, 
3967.826, 1199, 
3967.828, 1196, 
3967.83, 1194, 
3967.832, 1191, 
3967.834, 1189, 
3967.836, 1186, 
3967.838, 1184, 
3967.84, 1181, 
3967.842, 1179, 
3967.844, 1177, 
3967.846, 1175, 
3967.848, 1172, 
3967.85, 1170, 
3967.852, 1168, 
3967.854, 1166, 
3967.856, 1164, 
3967.858, 1162, 
3967.86, 1160, 
3967.862, 1157, 
3967.864, 1155, 
3967.866, 1153, 
3967.868, 1151, 
3967.87, 1149, 
3967.872, 1148, 
3967.874, 1146, 
3967.876, 1144, 
3967.878, 1142, 
3967.88, 1141, 
3967.882, 1139, 
3967.884, 1138, 
3967.886, 1137, 
3967.888, 1135, 
3967.89, 1134, 
3967.892, 1133, 
3967.894, 1131, 
3967.896, 1129, 
3967.898, 1128, 
3967.9, 1127, 
3967.902, 1125, 
3967.904, 1123, 
3967.906, 1121, 
3967.908, 1119, 
3967.91, 1117, 
3967.912, 1114, 
3967.914, 1111, 
3967.916, 1108, 
3967.918, 1105, 
3967.92, 1101, 
3967.922, 1097, 
3967.924, 1092, 
3967.926, 1087, 
3967.928, 1082, 
3967.93, 1075, 
3967.932, 1069, 
3967.934, 1061, 
3967.936, 1052, 
3967.938, 1043, 
3967.94, 1034, 
3967.942, 1025, 
3967.944, 1013, 
3967.946, 1001, 
3967.948, 990, 
3967.95, 978, 
3967.952, 965, 
3967.954, 954, 
3967.956, 944, 
3967.958, 933, 
3967.96, 925, 
3967.962, 918, 
3967.964, 912, 
3967.966, 908, 
3967.968, 905, 
3967.97, 903, 
3967.972, 904, 
3967.974, 905, 
3967.976, 908, 
3967.978, 912, 
3967.98, 917, 
3967.982, 923, 
3967.984, 929, 
3967.986, 936, 
3967.988, 944, 
3967.99, 951, 
3967.992, 958, 
3967.994, 964, 
3967.996, 970, 
3967.998, 976, 
3968.0, 981, 
3968.002, 986, 
3968.004, 991, 
3968.006, 994, 
3968.008, 997, 
3968.01, 999, 
3968.012, 1001, 
3968.014, 1002, 
3968.016, 1002, 
3968.018, 1002, 
3968.02, 1001, 
3968.022, 1000, 
3968.024, 998, 
3968.026, 996, 
3968.028, 995, 
3968.03, 993, 
3968.032, 991, 
3968.034, 988, 
3968.036, 986, 
3968.038, 983, 
3968.04, 980, 
3968.042, 978, 
3968.044, 975, 
3968.046, 973, 
3968.048, 970, 
3968.05, 968, 
3968.052, 965, 
3968.054, 963, 
3968.056, 961, 
3968.058, 959, 
3968.06, 956, 
3968.062, 954, 
3968.064, 952, 
3968.066, 949, 
3968.068, 946, 
3968.07, 944, 
3968.072, 942, 
3968.074, 939, 
3968.076, 936, 
3968.078, 933, 
3968.08, 930, 
3968.082, 927, 
3968.084, 924, 
3968.086, 921, 
3968.088, 919, 
3968.09, 916, 
3968.092, 914, 
3968.094, 910, 
3968.096, 908, 
3968.098, 906, 
3968.1, 904, 
3968.102, 902, 
3968.104, 901, 
3968.106, 899, 
3968.108, 896, 
3968.11, 895, 
3968.112, 893, 
3968.114, 892, 
3968.116, 890, 
3968.118, 888, 
3968.12, 886, 
3968.122, 883, 
3968.124, 881, 
3968.126, 879, 
3968.128, 877, 
3968.13, 875, 
3968.132, 873, 
3968.134, 871, 
3968.136, 868, 
3968.138, 866, 
3968.14, 865, 
3968.142, 863, 
3968.144, 861, 
3968.146, 860, 
3968.148, 857, 
3968.15, 856, 
3968.152, 854, 
3968.154, 852, 
3968.156, 850, 
3968.158, 849, 
3968.16, 847, 
3968.162, 844, 
3968.164, 842, 
3968.166, 840, 
3968.168, 838, 
3968.17, 836, 
3968.172, 834, 
3968.174, 832, 
3968.176, 830, 
3968.178, 829, 
3968.18, 827, 
3968.182, 826, 
3968.184, 824, 
3968.186, 823, 
3968.188, 822, 
3968.19, 820, 
3968.192, 818, 
3968.194, 817, 
3968.196, 816, 
3968.198, 815, 
3968.2, 813, 
3968.202, 811, 
3968.204, 810, 
3968.206, 808, 
3968.208, 807, 
3968.21, 805, 
3968.212, 804, 
3968.214, 803, 
3968.216, 802, 
3968.218, 801, 
3968.22, 799, 
3968.222, 799, 
3968.224, 798, 
3968.226, 797, 
3968.228, 797, 
3968.23, 797, 
3968.232, 796, 
3968.234, 796, 
3968.236, 796, 
3968.238, 796, 
3968.24, 796, 
3968.242, 795, 
3968.244, 795, 
3968.246, 795, 
3968.248, 795, 
3968.25, 794, 
3968.252, 794, 
3968.254, 794, 
3968.256, 794, 
3968.258, 794, 
3968.26, 794, 
3968.262, 794, 
3968.264, 794, 
3968.266, 794, 
3968.268, 795, 
3968.27, 795, 
3968.272, 796, 
3968.274, 796, 
3968.276, 797, 
3968.278, 797, 
3968.28, 798, 
3968.282, 799, 
3968.284, 800, 
3968.286, 801, 
3968.288, 801, 
3968.29, 802, 
3968.292, 803, 
3968.294, 803, 
3968.296, 805, 
3968.298, 805, 
3968.3, 806, 
3968.302, 807, 
3968.304, 807, 
3968.306, 808, 
3968.308, 808, 
3968.31, 809, 
3968.312, 809, 
3968.314, 810, 
3968.316, 810, 
3968.318, 811, 
3968.32, 811, 
3968.322, 811, 
3968.324, 811, 
3968.326, 811, 
3968.328, 811, 
3968.33, 810, 
3968.332, 809, 
3968.334, 808, 
3968.336, 807, 
3968.338, 806, 
3968.34, 804, 
3968.342, 802, 
3968.344, 800, 
3968.346, 798, 
3968.348, 796, 
3968.35, 794, 
3968.352, 790, 
3968.354, 787, 
3968.356, 784, 
3968.358, 780, 
3968.36, 777, 
3968.362, 773, 
3968.364, 769, 
3968.366, 764, 
3968.368, 760, 
3968.37, 755, 
3968.372, 750, 
3968.374, 745, 
3968.376, 740, 
3968.378, 734, 
3968.38, 729, 
3968.382, 723, 
3968.384, 717, 
3968.386, 710, 
3968.388, 704, 
3968.39, 697, 
3968.392, 690, 
3968.394, 683, 
3968.396, 675, 
3968.398, 668, 
3968.4, 661, 
3968.402, 654, 
3968.404, 646, 
3968.406, 639, 
3968.408, 631, 
3968.41, 624, 
3968.412, 617, 
3968.414, 610, 
3968.416, 603, 
3968.418, 597, 
3968.42, 590, 
3968.422, 584, 
3968.424, 579, 
3968.426, 572, 
3968.428, 567, 
3968.43, 561, 
3968.432, 555, 
3968.434, 550, 
3968.436, 545, 
3968.438, 540, 
3968.44, 536, 
3968.442, 531, 
3968.444, 526, 
3968.446, 522, 
3968.448, 518, 
3968.45, 514, 
3968.452, 510, 
3968.454, 506, 
3968.456, 503, 
3968.458, 500, 
3968.46, 497, 
3968.462, 494, 
3968.464, 492, 
3968.466, 490, 
3968.468, 488, 
3968.47, 486, Ca+  H 
3968.472, 485, 
3968.474, 484, 
3968.476, 483, 
3968.478, 482, 
3968.48, 482, 
3968.482, 481, 
3968.484, 480, 
3968.486, 480, 
3968.488, 480, 
3968.49, 481, 
3968.492, 481, 
3968.494, 481, 
3968.496, 482, 
3968.498, 483, 
3968.5, 484, 
3968.502, 485, 
3968.504, 487, 
3968.506, 488, 
3968.508, 490, 
3968.51, 492, 
3968.512, 494, 
3968.514, 496, 
3968.516, 498, 
3968.518, 501, 
3968.52, 504, 
3968.522, 507, 
3968.524, 509, 
3968.526, 513, 
3968.528, 516, 
3968.53, 520, 
3968.532, 524, 
3968.534, 528, 
3968.536, 533, 
3968.538, 537, 
3968.54, 542, 
3968.542, 547, 
3968.544, 552, 
3968.546, 556, 
3968.548, 561, 
3968.55, 566, 
3968.552, 571, 
3968.554, 575, 
3968.556, 580, 
3968.558, 584, 
3968.56, 589, 
3968.562, 593, 
3968.564, 597, 
3968.566, 602, 
3968.568, 606, 
3968.57, 612, 
3968.572, 616, 
3968.574, 621, 
3968.576, 627, 
3968.578, 632, 
3968.58, 637, 
3968.582, 643, 
3968.584, 647, 
3968.586, 652, 
3968.588, 657, 
3968.59, 662, 
3968.592, 666, 
3968.594, 671, 
3968.596, 676, 
3968.598, 679, 
3968.6, 683, 
3968.602, 687, 
3968.604, 691, 
3968.606, 695, 
3968.608, 698, 
3968.61, 702, 
3968.612, 706, 
3968.614, 708, 
3968.616, 711, 
3968.618, 714, 
3968.62, 716, 
3968.622, 719, 
3968.624, 722, 
3968.626, 724, 
3968.628, 726, 
3968.63, 728, 
3968.632, 731, 
3968.634, 732, 
3968.636, 734, 
3968.638, 736, 
3968.64, 738, 
3968.642, 739, 
3968.644, 741, 
3968.646, 742, 
3968.648, 743, 
3968.65, 744, 
3968.652, 744, 
3968.654, 745, 
3968.656, 746, 
3968.658, 746, 
3968.66, 747, 
3968.662, 748, 
3968.664, 748, 
3968.666, 750, 
3968.668, 750, 
3968.67, 751, 
3968.672, 752, 
3968.674, 753, 
3968.676, 754, 
3968.678, 755, 
3968.68, 756, 
3968.682, 757, 
3968.684, 757, 
3968.686, 758, 
3968.688, 759, 
3968.69, 760, 
3968.692, 761, 
3968.694, 762, 
3968.696, 763, 
3968.698, 763, 
3968.7, 764, 
3968.702, 765, 
3968.704, 765, 
3968.706, 766, 
3968.708, 767, 
3968.71, 768, 
3968.712, 768, 
3968.714, 769, 
3968.716, 771, 
3968.718, 772, 
3968.72, 773, 
3968.722, 775, 
3968.724, 777, 
3968.726, 779, 
3968.728, 781, 
3968.73, 782, 
3968.732, 784, 
3968.734, 785, 
3968.736, 787, 
3968.738, 789, 
3968.74, 790, 
3968.742, 792, 
3968.744, 793, 
3968.746, 794, 
3968.748, 796, 
3968.75, 797, 
3968.752, 799, 
3968.754, 801, 
3968.756, 802, 
3968.758, 804, 
3968.76, 806, 
3968.762, 807, 
3968.764, 809, 
3968.766, 811, 
3968.768, 813, 
3968.77, 815, 
3968.772, 816, 
3968.774, 818, 
3968.776, 820, 
3968.778, 822, 
3968.78, 825, 
3968.782, 827, 
3968.784, 829, 
3968.786, 831, 
3968.788, 833, 
3968.79, 835, 
3968.792, 837, 
3968.794, 840, 
3968.796, 843, 
3968.798, 845, 
3968.8, 847, 
3968.802, 850, 
3968.804, 852, 
3968.806, 855, 
3968.808, 857, 
3968.81, 859, 
3968.812, 862, 
3968.814, 864, 
3968.816, 867, 
3968.818, 869, 
3968.82, 871, 
3968.822, 874, 
3968.824, 876, 
3968.826, 879, 
3968.828, 881, 
3968.83, 883, 
3968.832, 886, 
3968.834, 888, 
3968.836, 891, 
3968.838, 893, 
3968.84, 895, 
3968.842, 899, 
3968.844, 901, 
3968.846, 904, 
3968.848, 906, 
3968.85, 909, 
3968.852, 911, 
3968.854, 913, 
3968.856, 916, 
3968.858, 919, 
3968.86, 922, 
3968.862, 924, 
3968.864, 926, 
3968.866, 929, 
3968.868, 931, 
3968.87, 934, 
3968.872, 936, 
3968.874, 939, 
3968.876, 941, 
3968.878, 943, 
3968.88, 945, 
3968.882, 947, 
3968.884, 949, 
3968.886, 951, 
3968.888, 954, 
3968.89, 956, 
3968.892, 958, 
3968.894, 960, 
3968.896, 962, 
3968.898, 964, 
3968.9, 967, 
3968.902, 969, 
3968.904, 972, 
3968.906, 975, 
3968.908, 977, 
3968.91, 979, 
3968.912, 981, 
3968.914, 984, 
3968.916, 986, 
3968.918, 988, 
3968.92, 990, 
3968.922, 992, 
3968.924, 994, 
3968.926, 996, 
3968.928, 997, 
3968.93, 999, 
3968.932, 1001, 
3968.934, 1003, 
3968.936, 1005, 
3968.938, 1006, 
3968.94, 1008, 
3968.942, 1010, 
3968.944, 1011, 
3968.946, 1013, 
3968.948, 1016, 
3968.95, 1018, 
3968.952, 1020, 
3968.954, 1022, 
3968.956, 1024, 
3968.958, 1026, 
3968.96, 1028, 
3968.962, 1030, 
3968.964, 1033, 
3968.966, 1035, 
3968.968, 1037, 
3968.97, 1039, 
3968.972, 1041, 
3968.974, 1043, 
3968.976, 1045, 
3968.978, 1048, 
3968.98, 1050, 
3968.982, 1052, 
3968.984, 1055, 
3968.986, 1057, 
3968.988, 1059, 
3968.99, 1062, 
3968.992, 1064, 
3968.994, 1067, 
3968.996, 1069, 
3968.998, 1071, 
3969.0, 1074, 
3969.002, 1076, 
3969.004, 1078, 
3969.006, 1080, 
3969.008, 1082, 
3969.01, 1084, 
3969.012, 1086, 
3969.014, 1088, 
3969.016, 1090, 
3969.018, 1092, 
3969.02, 1094, 
3969.022, 1095, 
3969.024, 1097, 
3969.026, 1099, 
3969.028, 1100, 
3969.03, 1101, 
3969.032, 1103, 
3969.034, 1104, 
3969.036, 1104, 
3969.038, 1105, 
3969.04, 1106, 
3969.042, 1107, 
3969.044, 1107, 
3969.046, 1108, 
3969.048, 1109, 
3969.05, 1110, 
3969.052, 1111, 
3969.054, 1112, 
3969.056, 1113, 
3969.058, 1114, 
3969.06, 1115, 
3969.062, 1117, 
3969.064, 1118, 
3969.066, 1120, 
3969.068, 1122, 
3969.07, 1123, 
3969.072, 1125, 
3969.074, 1127, 
3969.076, 1130, 
3969.078, 1132, 
3969.08, 1135, 
3969.082, 1138, 
3969.084, 1141, 
3969.086, 1144, 
3969.088, 1148, 
3969.09, 1151, 
3969.092, 1154, 
3969.094, 1156, 
3969.096, 1160, 
3969.098, 1163, 
3969.1, 1165, 
3969.102, 1168, 
3969.104, 1170, 
3969.106, 1172, 
3969.108, 1174, 
3969.11, 1176, 
3969.112, 1178, 
3969.114, 1179, 
3969.116, 1180, 
3969.118, 1181, 
3969.12, 1183, 
3969.122, 1183, 
3969.124, 1185, 
3969.126, 1185, 
3969.128, 1186, 
3969.13, 1187, 
3969.132, 1188, 
3969.134, 1190, 
3969.136, 1191, 
3969.138, 1192, 
3969.14, 1193, 
3969.142, 1194, 
3969.144, 1195, 
3969.146, 1196, 
3969.148, 1197, 
3969.15, 1198, 
3969.152, 1199, 
3969.154, 1200, 
3969.156, 1201, 
3969.158, 1202, 
3969.16, 1202, 
3969.162, 1203, 
3969.164, 1203, 
3969.166, 1203, 
3969.168, 1203, 
3969.17, 1201, 
3969.172, 1200, 
3969.174, 1199, 
3969.176, 1197, 
3969.178, 1194, 
3969.18, 1191, 
3969.182, 1188, 
3969.184, 1184, 
3969.186, 1179, 
3969.188, 1173, 
3969.19, 1166, 
3969.192, 1158, 
3969.194, 1149, 
3969.196, 1138, 
3969.198, 1125, 
3969.2, 1111, 
3969.202, 1095, 
3969.204, 1076, 
3969.206, 1062, 
3969.208, 1043, 
3969.21, 1018, 
3969.212, 991, 
3969.214, 964, 
3969.216, 932, 
3969.218, 897, 
3969.22, 860, 
3969.222, 822, 
3969.224, 782, 
3969.226, 743, 
3969.228, 705, 
3969.23, 659, 
3969.232, 619, 
3969.234, 586, 
3969.236, 555, 
3969.238, 527, 
3969.24, 495, 
3969.242, 465, 
3969.244, 440, 
3969.246, 422, 
3969.248, 405, 
3969.25, 387, 
3969.252, 371, 
3969.254, 362, 
3969.256, 355, 
3969.258, 343, 
3969.26, 336, 
3969.262, 335, 
3969.264, 332, 
3969.266, 332, 
3969.268, 336, 
3969.27, 341, 
3969.272, 347, 
3969.274, 353, 
3969.276, 365, 
3969.278, 379, 
3969.28, 394, 
3969.282, 414, 
3969.284, 434, 
3969.286, 453, 
3969.288, 478, 
3969.29, 501, 
3969.292, 535, 
3969.294, 575, 
3969.296, 612, 
3969.298, 648, 
3969.3, 689, 
3969.302, 732, 
3969.304, 774, 
3969.306, 816, 
3969.308, 858, 
3969.31, 899, 
3969.312, 938, 
3969.314, 975, 
3969.316, 1009, 
3969.318, 1041, 
3969.32, 1070, 
3969.322, 1096, 
3969.324, 1121, 
3969.326, 1141, 
3969.328, 1162, 
3969.33, 1180, 
3969.332, 1196, 
3969.334, 1210, 
3969.336, 1224, 
3969.338, 1237, 
3969.34, 1249, 
3969.342, 1259, 
3969.344, 1269, 
3969.346, 1277, 
3969.348, 1285, 
3969.35, 1293, 
3969.352, 1299, 
3969.354, 1306, 
3969.356, 1311, 
3969.358, 1316, 
3969.36, 1320, 
3969.362, 1324, 
3969.364, 1327, 
3969.366, 1331, 
3969.368, 1333, 
3969.37, 1335, 
3969.372, 1337, 
3969.374, 1338, 
3969.376, 1339, 
3969.378, 1339, 
3969.38, 1339, 
3969.382, 1337, 
3969.384, 1336, 
3969.386, 1335, 
3969.388, 1333, 
3969.39, 1332, 
3969.392, 1331, 
3969.394, 1330, 
3969.396, 1330, 
3969.398, 1330, 
3969.4, 1330, 
3969.402, 1331, 
3969.404, 1333, 
3969.406, 1335, 
3969.408, 1338, 
3969.41, 1342, 
3969.412, 1347, 
3969.414, 1351, 
3969.416, 1357, 
3969.418, 1363, 
3969.42, 1369, 
3969.422, 1376, 
3969.424, 1383, 
3969.426, 1389, 
3969.428, 1396, 
3969.43, 1402, 
3969.432, 1407, 
3969.434, 1413, 
3969.436, 1417, 
3969.438, 1422, 
3969.44, 1426, 
3969.442, 1430, 
3969.444, 1434, 
3969.446, 1437, 
3969.448, 1440, 
3969.45, 1443, 
3969.452, 1445, 
3969.454, 1449, 
3969.456, 1451, 
3969.458, 1454, 
3969.46, 1456, 
3969.462, 1459, 
3969.464, 1461, 
3969.466, 1463, 
3969.468, 1464, 
3969.47, 1466, 
3969.472, 1468, 
3969.474, 1469, 
3969.476, 1471, 
3969.478, 1472, 
3969.48, 1474, 
3969.482, 1475, 
3969.484, 1476, 
3969.486, 1477, 
3969.488, 1478, 
3969.49, 1480, 
3969.492, 1481, 
3969.494, 1482, 
3969.496, 1484, 
3969.498, 1485, 
3969.5, 1486, 
3969.502, 1489, 
3969.504, 1490, 
3969.506, 1492, 
3969.508, 1493, 
3969.51, 1495, 
3969.512, 1496, 
3969.514, 1498, 
3969.516, 1500, 
3969.518, 1502, 
3969.52, 1504, 
3969.522, 1505, 
3969.524, 1507, 
3969.526, 1509, 
3969.528, 1510, 
3969.53, 1512, 
3969.532, 1514, 
3969.534, 1516, 
3969.536, 1517, 
3969.538, 1519, 
3969.54, 1520, 
3969.542, 1521, 
3969.544, 1523, 
3969.546, 1525, 
3969.548, 1526, 
3969.55, 1528, 
3969.552, 1529, 
3969.554, 1530, 
3969.556, 1532, 
3969.558, 1533, 
3969.56, 1535, 
3969.562, 1536, 
3969.564, 1537, 
3969.566, 1539, 
3969.568, 1540, 
3969.57, 1541, 
3969.572, 1542, 
3969.574, 1542, 
3969.576, 1543, 
3969.578, 1543, 
3969.58, 1543, 
3969.582, 1542, 
3969.584, 1540, 
3969.586, 1538, 
3969.588, 1534, 
3969.59, 1530, 
3969.592, 1524, 
3969.594, 1517, 
3969.596, 1508, 
3969.598, 1498, 
3969.6, 1487, 
3969.602, 1474, 
3969.604, 1459, 
3969.606, 1443, 
3969.608, 1426, 
3969.61, 1408, 
3969.612, 1388, 
3969.614, 1368, 
3969.616, 1346, 
3969.618, 1324, 
3969.62, 1302, 
3969.622, 1279, 
3969.624, 1254, 
3969.626, 1235, 
3969.628, 1225, 
3969.63, 1217, 
3969.632, 1210, 
3969.634, 1205, 
3969.636, 1206, 
3969.638, 1213, 
3969.64, 1226, 
3969.642, 1240, 
3969.644, 1257, 
3969.646, 1276, 
3969.648, 1298, 
3969.65, 1320, 
3969.652, 1343, 
3969.654, 1368, 
3969.656, 1394, 
3969.658, 1419, 
3969.66, 1442, 
3969.662, 1467, 
3969.664, 1490, 
3969.666, 1511, 
3969.668, 1529, 
3969.67, 1545, 
3969.672, 1558, 
3969.674, 1570, 
3969.676, 1581, 
3969.678, 1588, 
3969.68, 1595, 
3969.682, 1603, 
3969.684, 1608, 
3969.686, 1616, 
3969.688, 1620, 
3969.69, 1621, 
3969.692, 1621, 
3969.694, 1621, 
3969.696, 1621, 
3969.698, 1619, 
3969.7, 1617, 
3969.702, 1614, 
3969.704, 1608, 
3969.706, 1595, 
3969.708, 1585, 
3969.71, 1575, 
3969.712, 1560, 
3969.714, 1541, 
3969.716, 1521, 
3969.718, 1497, 
3969.72, 1468, 
3969.722, 1435, 
3969.724, 1406, 
3969.726, 1377, 
3969.728, 1343, 
3969.73, 1306, 
3969.732, 1273, 
3969.734, 1242, 
3969.736, 1213, 
3969.738, 1189, 
3969.74, 1167, 
3969.742, 1146, 
3969.744, 1126, 
3969.746, 1110, 
3969.748, 1101, 
3969.75, 1101, 
3969.752, 1105, 
3969.754, 1114, 
3969.756, 1126, 
3969.758, 1140, 
3969.76, 1158, 
3969.762, 1181, 
3969.764, 1208, 
3969.766, 1241, 
3969.768, 1277, 
3969.77, 1313, 
3969.772, 1350, 
3969.774, 1386, 
3969.776, 1420, 
3969.778, 1452, 
3969.78, 1484, 
3969.782, 1512, 
3969.784, 1537, 
3969.786, 1559, 
3969.788, 1578, 
3969.79, 1596, 
3969.792, 1612, 
3969.794, 1625, 
3969.796, 1637, 
3969.798, 1648, 
3969.8, 1658, 
3969.802, 1666, 
3969.804, 1674, 
3969.806, 1681, 
3969.808, 1687, 
3969.81, 1692, 
3969.812, 1697, 
3969.814, 1701, 
3969.816, 1705, 
3969.818, 1708, 
3969.82, 1711, 
3969.822, 1713, 
3969.824, 1715, 
3969.826, 1717, 
3969.828, 1718, 
3969.83, 1720, 
3969.832, 1721, 
3969.834, 1722, 
3969.836, 1722, 
3969.838, 1723, 
3969.84, 1723, 
3969.842, 1724, 
3969.844, 1724, 
3969.846, 1725, 
3969.848, 1725, 
3969.85, 1725, 
3969.852, 1725, 
3969.854, 1725, 
3969.856, 1725, 
3969.858, 1725, 
3969.86, 1725, 
3969.862, 1725, 
3969.864, 1726, 
3969.866, 1726, 
3969.868, 1726, 
3969.87, 1727, 
3969.872, 1728, 
3969.874, 1728, 
3969.876, 1729, 
3969.878, 1729, 
3969.88, 1730, 
3969.882, 1730, 
3969.884, 1730, 
3969.886, 1730, 
3969.888, 1730, 
3969.89, 1730, 
3969.892, 1729, 
3969.894, 1729, 
3969.896, 1728, 
3969.898, 1728, 
3969.9, 1727, 
3969.902, 1726, 
3969.904, 1725, 
3969.906, 1725, 
3969.908, 1725, 
3969.91, 1724, 
3969.912, 1724, 
3969.914, 1723, 
3969.916, 1723, 
3969.918, 1722, 
3969.92, 1722, 
3969.922, 1721, 
3969.924, 1720, 
3969.926, 1719, 
3969.928, 1718, 
3969.93, 1717, 
3969.932, 1716, 
3969.934, 1715, 
3969.936, 1714, 
3969.938, 1713, 
3969.94, 1712, 
3969.942, 1711, 
3969.944, 1710, 
3969.946, 1709, 
3969.948, 1708, 
3969.95, 1706, 
3969.952, 1705, 
3969.954, 1704, 
3969.956, 1702, 
3969.958, 1701, 
3969.96, 1700, 
3969.962, 1699, 
3969.964, 1698, 
3969.966, 1696, 
3969.968, 1695, 
3969.97, 1694, 
3969.972, 1693, 
3969.974, 1692, 
3969.976, 1691, 
3969.978, 1688, 
3969.98, 1687, 
3969.982, 1686, 
3969.984, 1685, 
3969.986, 1684, 
3969.988, 1683, 
3969.99, 1681, 
3969.992, 1680, 
3969.994, 1679, 
3969.996, 1678, 
3969.998, 1677, 
3970.0, 1675, 
3970.002, 1674, 
3970.004, 1672, 
3970.006, 1670, 
3970.008, 1669, 
3970.01, 1668, 
3970.012, 1666, 
3970.014, 1665, 
3970.016, 1664, 
3970.018, 1663, 
3970.02, 1662, 
3970.022, 1662, 
3970.024, 1661, 
3970.026, 1660, 
3970.028, 1659, 
3970.03, 1658, 
3970.032, 1657, 
3970.034, 1656, 
3970.036, 1656, 
3970.038, 1655, 
3970.04, 1655, 
3970.042, 1655, 
3970.044, 1654, 
3970.046, 1654, 
3970.048, 1653, 
3970.05, 1653, 
3970.052, 1652, 
3970.054, 1651, 
3970.056, 1651, 
3970.058, 1650, 
3970.06, 1650, 
3970.062, 1649, 
3970.064, 1649, 
3970.066, 1649, 
3970.068, 1649, 
3970.07, 1649, 
3970.072, 1649, 
3970.074, 1650, 
3970.076, 1651, 
3970.078, 1651, 
3970.08, 1652, 
3970.082, 1653, 
3970.084, 1654, 
3970.086, 1655, 
3970.088, 1657, 
3970.09, 1658, 
3970.092, 1660, 
3970.094, 1661, 
3970.096, 1662, 
3970.098, 1664, 
3970.1, 1665, 
3970.102, 1667, 
3970.104, 1669, 
3970.106, 1671, 
3970.108, 1673, 
3970.11, 1675, 
3970.112, 1677, 
3970.114, 1679, 
3970.116, 1681, 
3970.118, 1684, 
3970.12, 1687, 
3970.122, 1689, 
3970.124, 1691, 
3970.126, 1694, 
3970.128, 1697, 
3970.13, 1699, 
3970.132, 1702, 
3970.134, 1704, 
3970.136, 1708, 
3970.138, 1710, 
3970.14, 1713, 
3970.142, 1715, 
3970.144, 1718, 
3970.146, 1721, 
3970.148, 1724, 
3970.15, 1727, 
3970.152, 1730, 
3970.154, 1733, 
3970.156, 1737, 
3970.158, 1741, 
3970.16, 1744, 
3970.162, 1747, 
3970.164, 1751, 
3970.166, 1755, 
3970.168, 1758, 
3970.17, 1761, 
3970.172, 1764, 
3970.174, 1767, 
3970.176, 1770, 
3970.178, 1773, 
3970.18, 1776, 
3970.182, 1779, 
3970.184, 1782, 
3970.186, 1785, 
3970.188, 1789, 
3970.19, 1792, 
3970.192, 1795, 
3970.194, 1798, 
3970.196, 1801, 
3970.198, 1804, 
3970.2, 1807, 
3970.202, 1809, 
3970.204, 1812, 
3970.206, 1814, 
3970.208, 1817, 
3970.21, 1819, 
3970.212, 1823, 
3970.214, 1826, 
3970.216, 1824, 
3970.218, 1820, 
3970.22, 1817, 
3970.222, 1811, 
3970.224, 1801, 
3970.226, 1786, 
3970.228, 1769, 
3970.23, 1754, 
3970.232, 1737, 
3970.234, 1714, 
3970.236, 1685, 
3970.238, 1654, 
3970.24, 1623, 
3970.242, 1592, 
3970.244, 1561, 
3970.246, 1528, 
3970.248, 1493, 
3970.25, 1456, 
3970.252, 1419, 
3970.254, 1388, 
3970.256, 1360, 
3970.258, 1337, 
3970.26, 1316, 
3970.262, 1299, 
3970.264, 1289, 
3970.266, 1287, 
3970.268, 1292, 
3970.27, 1298, 
3970.272, 1308, 
3970.274, 1324, 
3970.276, 1345, 
3970.278, 1376, 
3970.28, 1413, 
3970.282, 1454, 
3970.284, 1495, 
3970.286, 1537, 
3970.288, 1578, 
3970.29, 1620, 
3970.292, 1666, 
3970.294, 1715, 
3970.296, 1755, 
3970.298, 1790, 
3970.3, 1822, 
3970.302, 1852, 
3970.304, 1879, 
3970.306, 1903, 
3970.308, 1925, 
3970.31, 1945, 
3970.312, 1964, 
3970.314, 1980, 
3970.316, 1992, 
3970.318, 2002, 
3970.32, 2013, 
3970.322, 2020, 
3970.324, 2027, 
3970.326, 2033, 
3970.328, 2037, 
3970.33, 2040, 
3970.332, 2041, 
3970.334, 2041, 
3970.336, 2039, 
3970.338, 2035, 
3970.34, 2030, 
3970.342, 2023, 
3970.344, 2009, 
3970.346, 1994, 
3970.348, 1974, 
3970.35, 1951, 
3970.352, 1927, 
3970.354, 1905, 
3970.356, 1880, 
3970.358, 1843, 
3970.36, 1792, 
3970.362, 1739, 
3970.364, 1686, 
3970.366, 1635, 
3970.368, 1584, 
3970.37, 1528, 
3970.372, 1472, 
3970.374, 1418, 
3970.376, 1365, 
3970.378, 1313, 
3970.38, 1265, 
3970.382, 1224, 
3970.384, 1187, 
3970.386, 1155, 
3970.388, 1128, 
3970.39, 1106, 
3970.392, 1089, 
3970.394, 1079, 
3970.396, 1076, 
3970.398, 1078, 
3970.4, 1088, 
3970.402, 1105, 
3970.404, 1130, 
3970.406, 1163, 
3970.408, 1199, 
3970.41, 1243, 
3970.412, 1293, 
3970.414, 1347, 
3970.416, 1405, 
3970.418, 1466, 
3970.42, 1527, 
3970.422, 1589, 
3970.424, 1651, 
3970.426, 1709, 
3970.428, 1764, 
3970.43, 1814, 
3970.432, 1860, 
3970.434, 1898, 
3970.436, 1933, 
3970.438, 1962, 
3970.44, 1985, 
3970.442, 2003, 
3970.444, 2016, 
3970.446, 2025, 
3970.448, 2029, 
3970.45, 2030, 
3970.452, 2027, 
3970.454, 2019, 
3970.456, 2009, 
3970.458, 1994, 
3970.46, 1977, 
3970.462, 1960, 
3970.464, 1940, 
3970.466, 1918, 
3970.468, 1894, 
3970.47, 1867, 
3970.472, 1839, 
3970.474, 1814, 
3970.476, 1790, 
3970.478, 1766, 
3970.48, 1744, 
3970.482, 1724, 
3970.484, 1709, 
3970.486, 1697, 
3970.488, 1693, 
3970.49, 1694, 
3970.492, 1699, 
3970.494, 1707, 
3970.496, 1718, 
3970.498, 1735, 
3970.5, 1758, 
3970.502, 1785, 
3970.504, 1815, 
3970.506, 1847, 
3970.508, 1880, 
3970.51, 1912, 
3970.512, 1943, 
3970.514, 1973, 
3970.516, 2002, 
3970.518, 2029, 
3970.52, 2053, 
3970.522, 2071, 
3970.524, 2089, 
3970.526, 2103, 
3970.528, 2115, 
3970.53, 2127, 
3970.532, 2136, 
3970.534, 2143, 
3970.536, 2149, 
3970.538, 2154, 
3970.54, 2158, 
3970.542, 2161, 
3970.544, 2163, 
3970.546, 2163, 
3970.548, 2164, 
3970.55, 2164, 
3970.552, 2164, 
3970.554, 2164, 
3970.556, 2165, 
3970.558, 2167, 
3970.56, 2169, 
3970.562, 2172, 
3970.564, 2176, 
3970.566, 2181, 
3970.568, 2186, 
3970.57, 2192, 
3970.572, 2200, 
3970.574, 2208, 
3970.576, 2216, 
3970.578, 2226, 
3970.58, 2235, 
3970.582, 2246, 
3970.584, 2256, 
3970.586, 2267, 
3970.588, 2278, 
3970.59, 2289, 
3970.592, 2300, 
3970.594, 2308, 
3970.596, 2317, 
3970.598, 2325, 
3970.6, 2331, 
3970.602, 2334, 
3970.604, 2335, 
3970.606, 2336, 
3970.608, 2337, 
3970.61, 2338, 
3970.612, 2337, 
3970.614, 2332, 
3970.616, 2323, 
3970.618, 2311, 
3970.62, 2303, 
3970.622, 2294, 
3970.624, 2283, 
3970.626, 2272, 
3970.628, 2261, 
3970.63, 2248, 
3970.632, 2233, 
3970.634, 2216, 
3970.636, 2196, 
3970.638, 2180, 
3970.64, 2166, 
3970.642, 2150, 
3970.644, 2134, 
3970.646, 2123, 
3970.648, 2117, 
3970.65, 2113, 
3970.652, 2109, 
3970.654, 2107, 
3970.656, 2108, 
3970.658, 2113, 
3970.66, 2124, 
3970.662, 2140, 
3970.664, 2157, 
3970.666, 2174, 
3970.668, 2189, 
3970.67, 2207, 
3970.672, 2228, 
3970.674, 2249, 
3970.676, 2268, 
3970.678, 2287, 
3970.68, 2304, 
3970.682, 2320, 
3970.684, 2335, 
3970.686, 2349, 
3970.688, 2362, 
3970.69, 2373, 
3970.692, 2385, 
3970.694, 2395, 
3970.696, 2404, 
3970.698, 2411, 
3970.7, 2419, 
3970.702, 2425, 
3970.704, 2432, 
3970.706, 2437, 
3970.708, 2442, 
3970.71, 2446, 
3970.712, 2449, 
3970.714, 2452, 
3970.716, 2455, 
3970.718, 2458, 
3970.72, 2460, 
3970.722, 2462, 
3970.724, 2464, 
3970.726, 2467, 
3970.728, 2468, 
3970.73, 2470, 
3970.732, 2472, 
3970.734, 2474, 
3970.736, 2475, 
3970.738, 2477, 
3970.74, 2479, 
3970.742, 2482, 
3970.744, 2484, 
3970.746, 2486, 
3970.748, 2488, 
3970.75, 2490, 
3970.752, 2492, 
3970.754, 2495, 
3970.756, 2497, 
3970.758, 2500, 
3970.76, 2502, 
3970.762, 2505, 
3970.764, 2507, 
3970.766, 2509, 
3970.768, 2512, 
3970.77, 2514, 
3970.772, 2516, 
3970.774, 2518, 
3970.776, 2522, 
3970.778, 2524, 
3970.78, 2526, 
3970.782, 2528, 
3970.784, 2531, 
3970.786, 2533, 
3970.788, 2536, 
3970.79, 2538, 
3970.792, 2540, 
3970.794, 2543, 
3970.796, 2546, 
3970.798, 2548, 
3970.8, 2551, 
3970.802, 2553, 
3970.804, 2555, 
3970.806, 2557, 
3970.808, 2558, 
3970.81, 2561, 
3970.812, 2563, 
3970.814, 2565, 
3970.816, 2566, 
3970.818, 2568, 
3970.82, 2570, 
3970.822, 2572, 
3970.824, 2574, 
3970.826, 2576, 
3970.828, 2579, 
3970.83, 2581, 
3970.832, 2584, 
3970.834, 2586, 
3970.836, 2589, 
3970.838, 2591, 
3970.84, 2593, 
3970.842, 2596, 
3970.844, 2599, 
3970.846, 2601, 
3970.848, 2604, 
3970.85, 2606, 
3970.852, 2609, 
3970.854, 2611, 
3970.856, 2614, 
3970.858, 2617, 
3970.86, 2619, 
3970.862, 2622, 
3970.864, 2625, 
3970.866, 2627, 
3970.868, 2629, 
3970.87, 2631, 
3970.872, 2633, 
3970.874, 2634, 
3970.876, 2636, 
3970.878, 2637, 
3970.88, 2639, 
3970.882, 2641, 
3970.884, 2642, 
3970.886, 2644, 
3970.888, 2645, 
3970.89, 2647, 
3970.892, 2648, 
3970.894, 2650, 
3970.896, 2651, 
3970.898, 2653, 
3970.9, 2654, 
3970.902, 2655, 
3970.904, 2656, 
3970.906, 2657, 
3970.908, 2658, 
3970.91, 2659, 
3970.912, 2660, 
3970.914, 2661, 
3970.916, 2663, 
3970.918, 2664, 
3970.92, 2666, 
3970.922, 2668, 
3970.924, 2670, 
3970.926, 2672, 
3970.928, 2673, 
3970.93, 2674, 
3970.932, 2674, 
3970.934, 2673, 
3970.936, 2672, 
3970.938, 2669, 
3970.94, 2665, 
3970.942, 2661, 
3970.944, 2655, 
3970.946, 2648, 
3970.948, 2639, 
3970.95, 2629, 
3970.952, 2618, 
3970.954, 2606, 
3970.956, 2591, 
3970.958, 2576, 
3970.96, 2559, 
3970.962, 2541, 
3970.964, 2522, 
3970.966, 2502, 
3970.968, 2480, 
3970.97, 2457, 
3970.972, 2433, 
3970.974, 2408, 
3970.976, 2383, 
3970.978, 2359, 
3970.98, 2344, 
3970.982, 2326, 
3970.984, 2310, 
3970.986, 2295, 
3970.988, 2283, 
3970.99, 2274, 
3970.992, 2266, 
3970.994, 2262, 
3970.996, 2259, 
3970.998, 2259, 
3971.0, 2259, 
3971.002, 2263, 
3971.004, 2267, 
3971.006, 2272, 
3971.008, 2278, 
3971.01, 2284, 
3971.012, 2291, 
3971.014, 2298, 
3971.016, 2306, 
3971.018, 2314, 
3971.02, 2322, 
3971.022, 2330, 
3971.024, 2339, 
3971.026, 2349, 
3971.028, 2359, 
3971.03, 2371, 
3971.032, 2383, 
3971.034, 2397, 
3971.036, 2412, 
3971.038, 2425, 
3971.04, 2439, 
3971.042, 2458, 
3971.044, 2478, 
3971.046, 2499, 
3971.048, 2520, 
3971.05, 2541, 
3971.052, 2562, 
3971.054, 2583, 
3971.056, 2603, 
3971.058, 2624, 
3971.06, 2643, 
3971.062, 2661, 
3971.064, 2678, 
3971.066, 2694, 
3971.068, 2708, 
3971.07, 2722, 
3971.072, 2734, 
3971.074, 2746, 
3971.076, 2757, 
3971.078, 2766, 
3971.08, 2774, 
3971.082, 2782, 
3971.084, 2790, 
3971.086, 2797, 
3971.088, 2802, 
3971.09, 2808, 
3971.092, 2813, 
3971.094, 2818, 
3971.096, 2823, 
3971.098, 2827, 
3971.1, 2831, 
3971.102, 2836, 
3971.104, 2840, 
3971.106, 2844, 
3971.108, 2847, 
3971.11, 2851, 
3971.112, 2854, 
3971.114, 2858, 
3971.116, 2862, 
3971.118, 2865, 
3971.12, 2868, 
3971.122, 2870, 
3971.124, 2872, 
3971.126, 2876, 
3971.128, 2878, 
3971.13, 2879, 
3971.132, 2881, 
3971.134, 2883, 
3971.136, 2885, 
3971.138, 2887, 
3971.14, 2889, 
3971.142, 2891, 
3971.144, 2894, 
3971.146, 2896, 
3971.148, 2899, 
3971.15, 2901, 
3971.152, 2903, 
3971.154, 2905, 
3971.156, 2907, 
3971.158, 2909, 
3971.16, 2911, 
3971.162, 2913, 
3971.164, 2915, 
3971.166, 2917, 
3971.168, 2919, 
3971.17, 2920, 
3971.172, 2922, 
3971.174, 2924, 
3971.176, 2926, 
3971.178, 2928, 
3971.18, 2929, 
3971.182, 2930, 
3971.184, 2930, 
3971.186, 2929, 
3971.188, 2928, 
3971.19, 2926, 
3971.192, 2923, 
3971.194, 2919, 
3971.196, 2914, 
3971.198, 2908, 
3971.2, 2902, 
3971.202, 2894, 
3971.204, 2886, 
3971.206, 2876, 
3971.208, 2864, 
3971.21, 2851, 
3971.212, 2837, 
3971.214, 2820, 
3971.216, 2804, 
3971.218, 2786, 
3971.22, 2767, 
3971.222, 2746, 
3971.224, 2721, 
3971.226, 2695, 
3971.228, 2667, 
3971.23, 2639, 
3971.232, 2611, 
3971.234, 2582, 
3971.236, 2554, 
3971.238, 2529, 
3971.24, 2508, 
3971.242, 2484, 
3971.244, 2465, 
3971.246, 2447, 
3971.248, 2432, 
3971.25, 2417, 
3971.252, 2404, 
3971.254, 2395, 
3971.256, 2390, 
3971.258, 2387, 
3971.26, 2385, 
3971.262, 2383, 
3971.264, 2379, 
3971.266, 2374, 
3971.268, 2365, 
3971.27, 2353, 
3971.272, 2337, 
3971.274, 2321, 
3971.276, 2300, 
3971.278, 2275, 
3971.28, 2239, 
3971.282, 2194, 
3971.284, 2142, 
3971.286, 2080, 
3971.288, 2011, 
3971.29, 1937, 
3971.292, 1858, 
3971.294, 1774, 
3971.296, 1688, 
3971.298, 1600, 
3971.3, 1515, 
3971.302, 1432, 
3971.304, 1352, 
3971.306, 1276, 
3971.308, 1208, 
3971.31, 1146, 
3971.312, 1090, 
3971.314, 1039, 
3971.316, 996, 
3971.318, 959, 
3971.32, 927, 
3971.322, 903, 
3971.324, 883, 
3971.326, 870, 
3971.328, 861, 
3971.33, 858, 
3971.332, 861, 
3971.334, 870, 
3971.336, 884, 
3971.338, 905, 
3971.34, 932, 
3971.342, 965, 
3971.344, 1007, 
3971.346, 1059, 
3971.348, 1122, 
3971.35, 1194, 
3971.352, 1275, 
3971.354, 1368, 
3971.356, 1467, 
3971.358, 1569, 
3971.36, 1675, 
3971.362, 1786, 
3971.364, 1896, 
3971.366, 2001, 
3971.368, 2100, 
3971.37, 2196, 
3971.372, 2290, 
3971.374, 2376, 
3971.376, 2453, 
3971.378, 2522, 
3971.38, 2580, 
3971.382, 2632, 
3971.384, 2676, 
3971.386, 2714, 
3971.388, 2749, 
3971.39, 2781, 
3971.392, 2810, 
3971.394, 2837, 
3971.396, 2862, 
3971.398, 2887, 
3971.4, 2911, 
3971.402, 2934, 
3971.404, 2954, 
3971.406, 2972, 
3971.408, 2990, 
3971.41, 3005, 
3971.412, 3020, 
3971.414, 3035, 
3971.416, 3049, 
3971.418, 3062, 
3971.42, 3075, 
3971.422, 3087, 
3971.424, 3098, 
3971.426, 3110, 
3971.428, 3120, 
3971.43, 3130, 
3971.432, 3140, 
3971.434, 3147, 
3971.436, 3156, 
3971.438, 3164, 
3971.44, 3171, 
3971.442, 3178, 
3971.444, 3184, 
3971.446, 3190, 
3971.448, 3195, 
3971.45, 3200, 
3971.452, 3205, 
3971.454, 3209, 
3971.456, 3214, 
3971.458, 3218, 
3971.46, 3221, 
3971.462, 3225, 
3971.464, 3228, 
3971.466, 3231, 
3971.468, 3234, 
3971.47, 3237, 
3971.472, 3239, 
3971.474, 3242, 
3971.476, 3245, 
3971.478, 3247, 
3971.48, 3249, 
3971.482, 3252, 
3971.484, 3254, 
3971.486, 3257, 
3971.488, 3259, 
3971.49, 3262, 
3971.492, 3264, 
3971.494, 3268, 
3971.496, 3270, 
3971.498, 3273, 
3971.5, 3275, 
3971.502, 3277, 
3971.504, 3280, 
3971.506, 3282, 
3971.508, 3284, 
3971.51, 3286, 
3971.512, 3289, 
3971.514, 3292, 
3971.516, 3294, 
3971.518, 3296, 
3971.52, 3298, 
3971.522, 3300, 
3971.524, 3302, 
3971.526, 3304, 
3971.528, 3306, 
3971.53, 3309, 
3971.532, 3311, 
3971.534, 3313, 
3971.536, 3315, 
3971.538, 3317, 
3971.54, 3319, 
3971.542, 3321, 
3971.544, 3323, 
3971.546, 3325, 
3971.548, 3328, 
3971.55, 3330, 
3971.552, 3331, 
3971.554, 3333, 
3971.556, 3335, 
3971.558, 3337, 
3971.56, 3339, 
3971.562, 3342, 
3971.564, 3345, 
3971.566, 3348, 
3971.568, 3351, 
3971.57, 3354, 
3971.572, 3357, 
3971.574, 3360, 
3971.576, 3364, 
3971.578, 3367, 
3971.58, 3370, 
3971.582, 3373, 
3971.584, 3375, 
3971.586, 3378, 
3971.588, 3381, 
3971.59, 3383, 
3971.592, 3385, 
3971.594, 3387, 
3971.596, 3388, 
3971.598, 3390, 
3971.6, 3392, 
3971.602, 3394, 
3971.604, 3396, 
3971.606, 3398, 
3971.608, 3400, 
3971.61, 3402, 
3971.612, 3403, 
3971.614, 3405, 
3971.616, 3407, 
3971.618, 3408, 
3971.62, 3409, 
3971.622, 3411, 
3971.624, 3412, 
3971.626, 3413, 
3971.628, 3414, 
3971.63, 3415, 
3971.632, 3416, 
3971.634, 3416, 
3971.636, 3417, 
3971.638, 3417, 
3971.64, 3417, 
3971.642, 3416, 
3971.644, 3415, 
3971.646, 3413, 
3971.648, 3410, 
3971.65, 3406, 
3971.652, 3401, 
3971.654, 3396, 
3971.656, 3389, 
3971.658, 3382, 
3971.66, 3374, 
3971.662, 3365, 
3971.664, 3356, 
3971.666, 3346, 
3971.668, 3335, 
3971.67, 3324, 
3971.672, 3313, 
3971.674, 3301, 
3971.676, 3289, 
3971.678, 3277, 
3971.68, 3265, 
3971.682, 3252, 
3971.684, 3241, 
3971.686, 3229, 
3971.688, 3221, 
3971.69, 3213, 
3971.692, 3207, 
3971.694, 3201, 
3971.696, 3198, 
3971.698, 3196, 
3971.7, 3196, 
3971.702, 3199, 
3971.704, 3203, 
3971.706, 3208, 
3971.708, 3215, 
3971.71, 3225, 
3971.712, 3236, 
3971.714, 3248, 
3971.716, 3261, 
3971.718, 3274, 
3971.72, 3289, 
3971.722, 3303, 
3971.724, 3318, 
3971.726, 3332, 
3971.728, 3345, 
3971.73, 3358, 
3971.732, 3371, 
3971.734, 3383, 
3971.736, 3394, 
3971.738, 3405, 
3971.74, 3416, 
3971.742, 3426, 
3971.744, 3436, 
3971.746, 3445, 
3971.748, 3453, 
3971.75, 3462, 
3971.752, 3469, 
3971.754, 3476, 
3971.756, 3481, 
3971.758, 3485, 
3971.76, 3488, 
3971.762, 3489, 
3971.764, 3489, 
3971.766, 3491, 
3971.768, 3491, 
3971.77, 3489, 
3971.772, 3483, 
3971.774, 3477, 
3971.776, 3469, 
3971.778, 3458, 
3971.78, 3444, 
3971.782, 3427, 
3971.784, 3407, 
3971.786, 3382, 
3971.788, 3352, 
3971.79, 3319, 
3971.792, 3284, 
3971.794, 3246, 
3971.796, 3207, 
3971.798, 3164, 
3971.8, 3115, 
3971.802, 3059, 
3971.804, 3001, 
3971.806, 2946, 
3971.808, 2897, 
3971.81, 2856, 
3971.812, 2818, 
3971.814, 2781, 
3971.816, 2746, 
3971.818, 2716, 
3971.82, 2695, 
3971.822, 2685, 
3971.824, 2686, 
3971.826, 2698, 
3971.828, 2716, 
3971.83, 2741, 
3971.832, 2777, 
3971.834, 2824, 
3971.836, 2874, 
3971.838, 2924, 
3971.84, 2977, 
3971.842, 3031, 
3971.844, 3085, 
3971.846, 3137, 
3971.848, 3185, 
3971.85, 3229, 
3971.852, 3269, 
3971.854, 3306, 
3971.856, 3340, 
3971.858, 3368, 
3971.86, 3387, 
3971.862, 3407, 
3971.864, 3419, 
3971.866, 3432, 
3971.868, 3443, 
3971.87, 3451, 
3971.872, 3456, 
3971.874, 3462, 
3971.876, 3466, 
3971.878, 3469, 
3971.88, 3472, 
3971.882, 3474, 
3971.884, 3476, 
3971.886, 3477, 
3971.888, 3478, 
3971.89, 3480, 
3971.892, 3483, 
3971.894, 3486, 
3971.896, 3490, 
3971.898, 3494, 
3971.9, 3500, 
3971.902, 3507, 
3971.904, 3515, 
3971.906, 3522, 
3971.908, 3529, 
3971.91, 3535, 
3971.912, 3540, 
3971.914, 3544, 
3971.916, 3546, 
3971.918, 3546, 
3971.92, 3545, 
3971.922, 3541, 
3971.924, 3535, 
3971.926, 3528, 
3971.928, 3519, 
3971.93, 3508, 
3971.932, 3496, 
3971.934, 3483, 
3971.936, 3470, 
3971.938, 3457, 
3971.94, 3444, 
3971.942, 3431, 
3971.944, 3419, 
3971.946, 3408, 
3971.948, 3398, 
3971.95, 3388, 
3971.952, 3379, 
3971.954, 3372, 
3971.956, 3366, 
3971.958, 3360, 
3971.96, 3355, 
3971.962, 3351, 
3971.964, 3348, 
3971.966, 3346, 
3971.968, 3344, 
3971.97, 3342, 
3971.972, 3340, 
3971.974, 3338, 
3971.976, 3337, 
3971.978, 3336, 
3971.98, 3335, 
3971.982, 3335, 
3971.984, 3335, 
3971.986, 3335, 
3971.988, 3336, 
3971.99, 3338, 
3971.992, 3340, 
3971.994, 3343, 
3971.996, 3347, 
3971.998, 3353, 
3972.0, 3359, 
3972.002, 3365, 
3972.004, 3372, 
3972.006, 3380, 
3972.008, 3389, 
3972.01, 3398, 
3972.012, 3408, 
3972.014, 3419, 
3972.016, 3430, 
3972.018, 3443, 
3972.02, 3456, 
3972.022, 3470, 
3972.024, 3484, 
3972.026, 3499, 
3972.028, 3515, 
3972.03, 3530, 
3972.032, 3544, 
3972.034, 3558, 
3972.036, 3571, 
3972.038, 3583, 
3972.04, 3595, 
3972.042, 3605, 
3972.044, 3615, 
3972.046, 3625, 
3972.048, 3633, 
3972.05, 3640, 
3972.052, 3646, 
3972.054, 3652, 
3972.056, 3658, 
3972.058, 3662, 
3972.06, 3666, 
3972.062, 3669, 
3972.064, 3672, 
3972.066, 3674, 
3972.068, 3676, 
3972.07, 3677, 
3972.072, 3678, 
3972.074, 3678, 
3972.076, 3678, 
3972.078, 3678, 
3972.08, 3677, 
3972.082, 3676, 
3972.084, 3675, 
3972.086, 3674, 
3972.088, 3672, 
3972.09, 3670, 
3972.092, 3666, 
3972.094, 3663, 
3972.096, 3659, 
3972.098, 3653, 
3972.1, 3645, 
3972.102, 3637, 
3972.104, 3626, 
3972.106, 3614, 
3972.108, 3599, 
3972.11, 3584, 
3972.112, 3564, 
3972.114, 3547, 
3972.116, 3512, 
3972.118, 3471, 
3972.12, 3415, 
3972.122, 3350, 
3972.124, 3277, 
3972.126, 3197, 
3972.128, 3109, 
3972.13, 3013, 
3972.132, 2912, 
3972.134, 2795, 
3972.136, 2672, 
3972.138, 2546, 
3972.14, 2420, 
3972.142, 2293, 
3972.144, 2168, 
3972.146, 2047, 
3972.148, 1936, 
3972.15, 1830, 
3972.152, 1730, 
3972.154, 1641, 
3972.156, 1561, 
3972.158, 1490, 
3972.16, 1427, 
3972.162, 1376, 
3972.164, 1339, 
3972.166, 1307, 
3972.168, 1285, 
3972.17, 1273, 
3972.172, 1271, 
3972.174, 1280, 
3972.176, 1299, 
3972.178, 1329, 
3972.18, 1364, 
3972.182, 1418, 
3972.184, 1483, 
3972.186, 1554, 
3972.188, 1635, 
3972.19, 1726, 
3972.192, 1824, 
3972.194, 1928, 
3972.196, 2034, 
3972.198, 2140, 
3972.2, 2239, 
3972.202, 2330, 
3972.204, 2409, 
3972.206, 2476, 
3972.208, 2534, 
3972.21, 2585, 
3972.212, 2628, 
3972.214, 2662, 
3972.216, 2683, 
3972.218, 2692, 
3972.22, 2699, 
3972.222, 2699, 
3972.224, 2699, 
3972.226, 2692, 
3972.228, 2685, 
3972.23, 2673, 
3972.232, 2660, 
3972.234, 2647, 
3972.236, 2637, 
3972.238, 2625, 
3972.24, 2617, 
3972.242, 2613, 
3972.244, 2613, 
3972.246, 2620, 
3972.248, 2634, 
3972.25, 2651, 
3972.252, 2674, 
3972.254, 2695, 
3972.256, 2721, 
3972.258, 2752, 
3972.26, 2789, 
3972.262, 2829, 
3972.264, 2872, 
3972.266, 2916, 
3972.268, 2962, 
3972.27, 3012, 
3972.272, 3066, 
3972.274, 3122, 
3972.276, 3177, 
3972.278, 3230, 
3972.28, 3282, 
3972.282, 3336, 
3972.284, 3391, 
3972.286, 3446, 
3972.288, 3500, 
3972.29, 3552, 
3972.292, 3601, 
3972.294, 3646, 
3972.296, 3690, 
3972.298, 3732, 
3972.3, 3771, 
3972.302, 3808, 
3972.304, 3844, 
3972.306, 3878, 
3972.308, 3907, 
3972.31, 3934, 
3972.312, 3958, 
3972.314, 3978, 
3972.316, 3997, 
3972.318, 4014, 
3972.32, 4029, 
3972.322, 4043, 
3972.324, 4055, 
3972.326, 4065, 
3972.328, 4074, 
3972.33, 4080, 
3972.332, 4085, 
3972.334, 4088, 
3972.336, 4090, 
3972.338, 4089, 
3972.34, 4086, 
3972.342, 4081, 
3972.344, 4074, 
3972.346, 4065, 
3972.348, 4053, 
3972.35, 4038, 
3972.352, 4020, 
3972.354, 4001, 
3972.356, 3977, 
3972.358, 3950, 
3972.36, 3919, 
3972.362, 3882, 
3972.364, 3842, 
3972.366, 3800, 
3972.368, 3753, 
3972.37, 3703, 
3972.372, 3653, 
3972.374, 3602, 
3972.376, 3551, 
3972.378, 3499, 
3972.38, 3445, 
3972.382, 3391, 
3972.384, 3336, 
3972.386, 3279, 
3972.388, 3222, 
3972.39, 3169, 
3972.392, 3122, 
3972.394, 3080, 
3972.396, 3042, 
3972.398, 3007, 
3972.4, 2976, 
3972.402, 2949, 
3972.404, 2928, 
3972.406, 2905, 
3972.408, 2885, 
3972.41, 2866, 
3972.412, 2847, 
3972.414, 2828, 
3972.416, 2810, 
3972.418, 2793, 
3972.42, 2776, 
3972.422, 2759, 
3972.424, 2741, 
3972.426, 2724, 
3972.428, 2707, 
3972.43, 2689, 
3972.432, 2671, 
3972.434, 2653, 
3972.436, 2634, 
3972.438, 2617, 
3972.44, 2603, 
3972.442, 2593, 
3972.444, 2587, 
3972.446, 2581, 
3972.448, 2577, 
3972.45, 2576, 
3972.452, 2578, 
3972.454, 2584, 
3972.456, 2593, 
3972.458, 2605, 
3972.46, 2620, 
3972.462, 2638, 
3972.464, 2660, 
3972.466, 2687, 
3972.468, 2716, 
3972.47, 2749, 
3972.472, 2783, 
3972.474, 2818, 
3972.476, 2855, 
3972.478, 2894, 
3972.48, 2935, 
3972.482, 2979, 
3972.484, 3025, 
3972.486, 3071, 
3972.488, 3112, 
3972.49, 3151, 
3972.492, 3188, 
3972.494, 3225, 
3972.496, 3274, 
3972.498, 3314, 
3972.5, 3344, 
3972.502, 3374, 
3972.504, 3402, 
3972.506, 3429, 
3972.508, 3456, 
3972.51, 3472, 
3972.512, 3487, 
3972.514, 3499, 
3972.516, 3508, 
3972.518, 3510, 
3972.52, 3510, 
3972.522, 3502, 
3972.524, 3490, 
3972.526, 3474, 
3972.528, 3446, 
3972.53, 3422, 
3972.532, 3397, 
3972.534, 3369, 
3972.536, 3331, 
3972.538, 3295, 
3972.54, 3252, 
3972.542, 3203, 
3972.544, 3150, 
3972.546, 3103, 
3972.548, 3056, 
3972.55, 3000, 
3972.552, 2942, 
3972.554, 2890, 
3972.556, 2841, 
3972.558, 2796, 
3972.56, 2754, 
3972.562, 2717, 
3972.564, 2686, 
3972.566, 2664, 
3972.568, 2649, 
3972.57, 2641, 
3972.572, 2640, 
3972.574, 2648, 
3972.576, 2665, 
3972.578, 2691, 
3972.58, 2728, 
3972.582, 2775, 
3972.584, 2828, 
3972.586, 2887, 
3972.588, 2953, 
3972.59, 3024, 
3972.592, 3100, 
3972.594, 3179, 
3972.596, 3262, 
3972.598, 3343, 
3972.6, 3420, 
3972.602, 3494, 
3972.604, 3566, 
3972.606, 3642, 
3972.608, 3713, 
3972.61, 3771, 
3972.612, 3830, 
3972.614, 3890, 
3972.616, 3934, 
3972.618, 3971, 
3972.62, 4021, 
3972.622, 4065, 
3972.624, 4099, 
3972.626, 4124, 
3972.628, 4150, 
3972.63, 4174, 
3972.632, 4197, 
3972.634, 4214, 
3972.636, 4232, 
3972.638, 4248, 
3972.64, 4261, 
3972.642, 4267, 
3972.644, 4274, 
3972.646, 4277, 
3972.648, 4279, 
3972.65, 4279, 
3972.652, 4276, 
3972.654, 4273, 
3972.656, 4267, 
3972.658, 4261, 
3972.66, 4255, 
3972.662, 4249, 
3972.664, 4242, 
3972.666, 4233, 
3972.668, 4226, 
3972.67, 4218, 
3972.672, 4211, 
3972.674, 4203, 
3972.676, 4199, 
3972.678, 4193, 
3972.68, 4188, 
3972.682, 4188, 
3972.684, 4188, 
3972.686, 4190, 
3972.688, 4194, 
3972.69, 4202, 
3972.692, 4211, 
3972.694, 4223, 
3972.696, 4238, 
3972.698, 4252, 
3972.7, 4266, 
3972.702, 4281, 
3972.704, 4298, 
3972.706, 4315, 
3972.708, 4333, 
3972.71, 4350, 
3972.712, 4367, 
3972.714, 4383, 
3972.716, 4398, 
3972.718, 4412, 
3972.72, 4427, 
3972.722, 4439, 
3972.724, 4451, 
3972.726, 4462, 
3972.728, 4473, 
3972.73, 4483, 
3972.732, 4491, 
3972.734, 4500, 
3972.736, 4507, 
3972.738, 4516, 
3972.74, 4523, 
3972.742, 4530, 
3972.744, 4536, 
3972.746, 4542, 
3972.748, 4547, 
3972.75, 4552, 
3972.752, 4557, 
3972.754, 4562, 
3972.756, 4566, 
3972.758, 4570, 
3972.76, 4574, 
3972.762, 4577, 
3972.764, 4581, 
3972.766, 4584, 
3972.768, 4588, 
3972.77, 4591, 
3972.772, 4594, 
3972.774, 4597, 
3972.776, 4600, 
3972.778, 4603, 
3972.78, 4607, 
3972.782, 4610, 
3972.784, 4613, 
3972.786, 4615, 
3972.788, 4618, 
3972.79, 4620, 
3972.792, 4622, 
3972.794, 4624, 
3972.796, 4626, 
3972.798, 4627, 
3972.8, 4628, 
3972.802, 4629, 
3972.804, 4629, 
3972.806, 4630, 
3972.808, 4630, 
3972.81, 4631, 
3972.812, 4632, 
3972.814, 4633, 
3972.816, 4634, 
3972.818, 4635, 
3972.82, 4636, 
3972.822, 4639, 
3972.824, 4640, 
3972.826, 4642, 
3972.828, 4642, 
3972.83, 4643, 
3972.832, 4642, 
3972.834, 4641, 
3972.836, 4640, 
3972.838, 4638, 
3972.84, 4636, 
3972.842, 4633, 
3972.844, 4630, 
3972.846, 4627, 
3972.848, 4623, 
3972.85, 4618, 
3972.852, 4612, 
3972.854, 4604, 
3972.856, 4595, 
3972.858, 4584, 
3972.86, 4571, 
3972.862, 4555, 
3972.864, 4536, 
3972.866, 4527, 
3972.868, 4507, 
3972.87, 4481, 
3972.872, 4454, 
3972.874, 4419, 
3972.876, 4378, 
3972.878, 4332, 
3972.88, 4279, 
3972.882, 4219, 
3972.884, 4153, 
3972.886, 4083, 
3972.888, 4014, 
3972.89, 3948, 
3972.892, 3880, 
3972.894, 3804, 
3972.896, 3722, 
3972.898, 3643, 
3972.9, 3569, 
3972.902, 3503, 
3972.904, 3443, 
3972.906, 3388, 
3972.908, 3339, 
3972.91, 3297, 
3972.912, 3269, 
3972.914, 3259, 
3972.916, 3264, 
3972.918, 3278, 
3972.92, 3304, 
3972.922, 3338, 
3972.924, 3384, 
3972.926, 3440, 
3972.928, 3503, 
3972.93, 3574, 
3972.932, 3656, 
3972.934, 3744, 
3972.936, 3832, 
3972.938, 3914, 
3972.94, 3991, 
3972.942, 4064, 
3972.944, 4133, 
3972.946, 4200, 
3972.948, 4263, 
3972.95, 4319, 
3972.952, 4369, 
3972.954, 4413, 
3972.956, 4451, 
3972.958, 4487, 
3972.96, 4520, 
3972.962, 4552, 
3972.964, 4580, 
3972.966, 4605, 
3972.968, 4626, 
3972.97, 4645, 
3972.972, 4663, 
3972.974, 4680, 
3972.976, 4694, 
3972.978, 4707, 
3972.98, 4719, 
3972.982, 4731, 
3972.984, 4741, 
3972.986, 4751, 
3972.988, 4759, 
3972.99, 4767, 
3972.992, 4774, 
3972.994, 4780, 
3972.996, 4787, 
3972.998, 4792, 
3973.0, 4797, 
3973.002, 4801, 
3973.004, 4805, 
3973.006, 4809, 
3973.008, 4812, 
3973.01, 4814, 
3973.012, 4815, 
3973.014, 4816, 
3973.016, 4817, 
3973.018, 4817, 
3973.02, 4816, 
3973.022, 4815, 
3973.024, 4813, 
3973.026, 4810, 
3973.028, 4807, 
3973.03, 4802, 
3973.032, 4797, 
3973.034, 4791, 
3973.036, 4785, 
3973.038, 4777, 
3973.04, 4767, 
3973.042, 4758, 
3973.044, 4747, 
3973.046, 4734, 
3973.048, 4721, 
3973.05, 4706, 
3973.052, 4689, 
3973.054, 4670, 
3973.056, 4651, 
3973.058, 4629, 
3973.06, 4606, 
3973.062, 4578, 
3973.064, 4548, 
3973.066, 4514, 
3973.068, 4477, 
3973.07, 4437, 
3973.072, 4395, 
3973.074, 4351, 
3973.076, 4308, 
3973.078, 4264, 
3973.08, 4221, 
3973.082, 4178, 
3973.084, 4135, 
3973.086, 4092, 
3973.088, 4049, 
3973.09, 4007, 
3973.092, 3966, 
3973.094, 3926, 
3973.096, 3891, 
3973.098, 3860, 
3973.1, 3834, 
3973.102, 3811, 
3973.104, 3792, 
3973.106, 3773, 
3973.108, 3755, 
3973.11, 3740, 
3973.112, 3727, 
3973.114, 3714, 
3973.116, 3704, 
3973.118, 3694, 
3973.12, 3686, 
3973.122, 3679, 
3973.124, 3674, 
3973.126, 3669, 
3973.128, 3666, 
3973.13, 3663, 
3973.132, 3661, 
3973.134, 3659, 
3973.136, 3659, 
3973.138, 3659, 
3973.14, 3660, 
3973.142, 3661, 
3973.144, 3664, 
3973.146, 3667, 
3973.148, 3670, 
3973.15, 3675, 
3973.152, 3679, 
3973.154, 3685, 
3973.156, 3692, 
3973.158, 3699, 
3973.16, 3708, 
3973.162, 3718, 
3973.164, 3728, 
3973.166, 3740, 
3973.168, 3755, 
3973.17, 3769, 
3973.172, 3787, 
3973.174, 3807, 
3973.176, 3834, 
3973.178, 3868, 
3973.18, 3905, 
3973.182, 3948, 
3973.184, 3993, 
3973.186, 4041, 
3973.188, 4091, 
3973.19, 4143, 
3973.192, 4196, 
3973.194, 4250, 
3973.196, 4304, 
3973.198, 4358, 
3973.2, 4409, 
3973.202, 4456, 
3973.204, 4504, 
3973.206, 4551, 
3973.208, 4590, 
3973.21, 4625, 
3973.212, 4653, 
3973.214, 4677, 
3973.216, 4696, 
3973.218, 4710, 
3973.22, 4719, 
3973.222, 4725, 
3973.224, 4727, 
3973.226, 4727, 
3973.228, 4721, 
3973.23, 4709, 
3973.232, 4693, 
3973.234, 4672, 
3973.236, 4646, 
3973.238, 4617, 
3973.24, 4584, 
3973.242, 4548, 
3973.244, 4510, 
3973.246, 4465, 
3973.248, 4415, 
3973.25, 4364, 
3973.252, 4322, 
3973.254, 4286, 
3973.256, 4249, 
3973.258, 4217, 
3973.26, 4195, 
3973.262, 4178, 
3973.264, 4165, 
3973.266, 4162, 
3973.268, 4169, 
3973.27, 4187, 
3973.272, 4217, 
3973.274, 4259, 
3973.276, 4309, 
3973.278, 4364, 
3973.28, 4419, 
3973.282, 4474, 
3973.284, 4527, 
3973.286, 4578, 
3973.288, 4628, 
3973.29, 4677, 
3973.292, 4724, 
3973.294, 4768, 
3973.296, 4805, 
3973.298, 4841, 
3973.3, 4875, 
3973.302, 4905, 
3973.304, 4933, 
3973.306, 4954, 
3973.308, 4971, 
3973.31, 4988, 
3973.312, 5002, 
3973.314, 5015, 
3973.316, 5026, 
3973.318, 5036, 
3973.32, 5044, 
3973.322, 5051, 
3973.324, 5058, 
3973.326, 5065, 
3973.328, 5071, 
3973.33, 5076, 
3973.332, 5081, 
3973.334, 5085, 
3973.336, 5089, 
3973.338, 5094, 
3973.34, 5098, 
3973.342, 5102, 
3973.344, 5105, 
3973.346, 5109, 
3973.348, 5112, 
3973.35, 5116, 
3973.352, 5119, 
3973.354, 5122, 
3973.356, 5124, 
3973.358, 5127, 
3973.36, 5130, 
3973.362, 5133, 
3973.364, 5136, 
3973.366, 5139, 
3973.368, 5141, 
3973.37, 5144, 
3973.372, 5147, 
3973.374, 5151, 
3973.376, 5154, 
3973.378, 5157, 
3973.38, 5160, 
3973.382, 5163, 
3973.384, 5167, 
3973.386, 5171, 
3973.388, 5175, 
3973.39, 5178, 
3973.392, 5182, 
3973.394, 5185, 
3973.396, 5188, 
3973.398, 5191, 
3973.4, 5195, 
3973.402, 5197, 
3973.404, 5199, 
3973.406, 5201, 
3973.408, 5203, 
3973.41, 5205, 
3973.412, 5206, 
3973.414, 5207, 
3973.416, 5208, 
3973.418, 5209, 
3973.42, 5210, 
3973.422, 5211, 
3973.424, 5212, 
3973.426, 5213, 
3973.428, 5214, 
3973.43, 5215, 
3973.432, 5214, 
3973.434, 5214, 
3973.436, 5213, 
3973.438, 5212, 
3973.44, 5209, 
3973.442, 5207, 
3973.444, 5205, 
3973.446, 5201, 
3973.448, 5198, 
3973.45, 5193, 
3973.452, 5189, 
3973.454, 5183, 
3973.456, 5176, 
3973.458, 5169, 
3973.46, 5160, 
3973.462, 5150, 
3973.464, 5138, 
3973.466, 5125, 
3973.468, 5111, 
3973.47, 5096, 
3973.472, 5079, 
3973.474, 5061, 
3973.476, 5041, 
3973.478, 5022, 
3973.48, 4996, 
3973.482, 4966, 
3973.484, 4930, 
3973.486, 4890, 
3973.488, 4844, 
3973.49, 4792, 
3973.492, 4735, 
3973.494, 4675, 
3973.496, 4607, 
3973.498, 4531, 
3973.5, 4448, 
3973.502, 4356, 
3973.504, 4252, 
3973.506, 4134, 
3973.508, 4004, 
3973.51, 3866, 
3973.512, 3721, 
3973.514, 3564, 
3973.516, 3397, 
3973.518, 3224, 
3973.52, 3046, 
3973.522, 2863, 
3973.524, 2683, 
3973.526, 2507, 
3973.528, 2326, 
3973.53, 2156, 
3973.532, 2000, 
3973.534, 1850, 
3973.536, 1707, 
3973.538, 1574, 
3973.54, 1454, 
3973.542, 1360, 
3973.544, 1275, 
3973.546, 1193, 
3973.548, 1135, 
3973.55, 1079, 
3973.552, 1035, 
3973.554, 1005, 
3973.556, 977, 
3973.558, 951, 
3973.56, 940, 
3973.562, 935, 
3973.564, 934, 
3973.566, 948, 
3973.568, 959, 
3973.57, 978, 
3973.572, 1018, 
3973.574, 1060, 
3973.576, 1114, 
3973.578, 1177, 
3973.58, 1253, 
3973.582, 1342, 
3973.584, 1439, 
3973.586, 1543, 
3973.588, 1655, 
3973.59, 1762, 
3973.592, 1861, 
3973.594, 1954, 
3973.596, 2040, 
3973.598, 2117, 
3973.6, 2181, 
3973.602, 2226, 
3973.604, 2250, 
3973.606, 2260, 
3973.608, 2263, 
3973.61, 2254, 
3973.612, 2226, 
3973.614, 2185, 
3973.616, 2137, 
3973.618, 2083, 
3973.62, 2021, 
3973.622, 1959, 
3973.624, 1897, 
3973.626, 1834, 
3973.628, 1766, 
3973.63, 1697, 
3973.632, 1634, 
3973.634, 1573, 
3973.636, 1515, 
3973.638, 1462, 
3973.64, 1417, 
3973.642, 1379, 
3973.644, 1345, 
3973.646, 1315, 
3973.648, 1288, 
3973.65, 1268, 
3973.652, 1256, 
3973.654, 1250, 
3973.656, 1247, 
3973.658, 1248, 
3973.66, 1254, 
3973.662, 1267, 
3973.664, 1286, 
3973.666, 1307, 
3973.668, 1327, 
3973.67, 1346, 
3973.672, 1365, 
3973.674, 1386, 
3973.676, 1408, 
3973.678, 1423, 
3973.68, 1432, 
3973.682, 1435, 
3973.684, 1429, 
3973.686, 1415, 
3973.688, 1397, 
3973.69, 1378, 
3973.692, 1354, 
3973.694, 1323, 
3973.696, 1292, 
3973.698, 1263, 
3973.7, 1235, 
3973.702, 1209, 
3973.704, 1188, 
3973.706, 1171, 
3973.708, 1160, 
3973.71, 1156, 
3973.712, 1161, 
3973.714, 1177, 
3973.716, 1205, 
3973.718, 1240, 
3973.72, 1290, 
3973.722, 1353, 
3973.724, 1427, 
3973.726, 1518, 
3973.728, 1624, 
3973.73, 1744, 
3973.732, 1884, 
3973.734, 2041, 
3973.736, 2216, 
3973.738, 2396, 
3973.74, 2576, 
3973.742, 2758, 
3973.744, 2953, 
3973.746, 3144, 
3973.748, 3310, 
3973.75, 3475, 
3973.752, 3645, 
3973.754, 3802, 
3973.756, 3939, 
3973.758, 4066, 
3973.76, 4186, 
3973.762, 4289, 
3973.764, 4381, 
3973.766, 4466, 
3973.768, 4542, 
3973.77, 4613, 
3973.772, 4682, 
3973.774, 4748, 
3973.776, 4805, 
3973.778, 4851, 
3973.78, 4891, 
3973.782, 4928, 
3973.784, 4963, 
3973.786, 4997, 
3973.788, 5028, 
3973.79, 5053, 
3973.792, 5076, 
3973.794, 5095, 
3973.796, 5112, 
3973.798, 5127, 
3973.8, 5138, 
3973.802, 5146, 
3973.804, 5149, 
3973.806, 5147, 
3973.808, 5140, 
3973.81, 5128, 
3973.812, 5110, 
3973.814, 5091, 
3973.816, 5064, 
3973.818, 5031, 
3973.82, 4993, 
3973.822, 4953, 
3973.824, 4908, 
3973.826, 4857, 
3973.828, 4800, 
3973.83, 4737, 
3973.832, 4669, 
3973.834, 4598, 
3973.836, 4522, 
3973.838, 4443, 
3973.84, 4363, 
3973.842, 4283, 
3973.844, 4203, 
3973.846, 4124, 
3973.848, 4052, 
3973.85, 3984, 
3973.852, 3919, 
3973.854, 3859, 
3973.856, 3812, 
3973.858, 3778, 
3973.86, 3744, 
3973.862, 3722, 
3973.864, 3706, 
3973.866, 3696, 
3973.868, 3696, 
3973.87, 3700, 
3973.872, 3711, 
3973.874, 3723, 
3973.876, 3739, 
3973.878, 3751, 
3973.88, 3761, 
3973.882, 3764, 
3973.884, 3757, 
3973.886, 3745, 
3973.888, 3711, 
3973.89, 3674, 
3973.892, 3632, 
3973.894, 3590, 
3973.896, 3541, 
3973.898, 3484, 
3973.9, 3416, 
3973.902, 3350, 
3973.904, 3293, 
3973.906, 3246, 
3973.908, 3207, 
3973.91, 3179, 
3973.912, 3163, 
3973.914, 3157, 
3973.916, 3164, 
3973.918, 3188, 
3973.92, 3226, 
3973.922, 3280, 
3973.924, 3351, 
3973.926, 3442, 
3973.928, 3546, 
3973.93, 3653, 
3973.932, 3760, 
3973.934, 3875, 
3973.936, 3998, 
3973.938, 4125, 
3973.94, 4248, 
3973.942, 4362, 
3973.944, 4475, 
3973.946, 4587, 
3973.948, 4693, 
3973.95, 4783, 
3973.952, 4858, 
3973.954, 4925, 
3973.956, 4990, 
3973.958, 5051, 
3973.96, 5106, 
3973.962, 5150, 
3973.964, 5187, 
3973.966, 5220, 
3973.968, 5246, 
3973.97, 5265, 
3973.972, 5283, 
3973.974, 5300, 
3973.976, 5314, 
3973.978, 5328, 
3973.98, 5342, 
3973.982, 5354, 
3973.984, 5367, 
3973.986, 5380, 
3973.988, 5392, 
3973.99, 5405, 
3973.992, 5419, 
3973.994, 5431, 
3973.996, 5446, 
3973.998, 5462, 
3974.0, 5480, 