Wavelength (Angstroms), Normalized intensity, Element
5871.0, 9887, 
5871.002, 9888, 
5871.004, 9889, 
5871.006, 9889, 
5871.008, 9889, 
5871.01, 9890, 
5871.012, 9891, 
5871.014, 9891, 
5871.016, 9892, 
5871.018, 9893, 
5871.02, 9893, 
5871.022, 9893, 
5871.024, 9894, 
5871.026, 9895, 
5871.028, 9895, 
5871.03, 9896, 
5871.032, 9896, 
5871.034, 9897, 
5871.036, 9897, 
5871.038, 9897, 
5871.04, 9897, 
5871.042, 9897, 
5871.044, 9897, 
5871.046, 9897, 
5871.048, 9897, 
5871.05, 9897, 
5871.052, 9897, 
5871.054, 9897, 
5871.056, 9897, 
5871.058, 9897, 
5871.06, 9896, 
5871.062, 9896, 
5871.064, 9896, 
5871.066, 9896, 
5871.068, 9896, 
5871.07, 9896, 
5871.072, 9895, 
5871.074, 9895, 
5871.076, 9895, 
5871.078, 9894, 
5871.08, 9893, 
5871.082, 9892, 
5871.084, 9891, 
5871.086, 9890, 
5871.088, 9888, 
5871.09, 9888, 
5871.092, 9887, 
5871.094, 9885, 
5871.096, 9884, 
5871.098, 9882, 
5871.1, 9881, 
5871.102, 9880, 
5871.104, 9878, 
5871.106, 9878, 
5871.108, 9876, 
5871.11, 9875, 
5871.112, 9874, 
5871.114, 9873, 
5871.116, 9872, 
5871.118, 9871, 
5871.12, 9871, 
5871.122, 9870, 
5871.124, 9869, 
5871.126, 9869, 
5871.128, 9868, 
5871.13, 9867, 
5871.132, 9866, 
5871.134, 9865, 
5871.136, 9864, 
5871.138, 9863, 
5871.14, 9862, 
5871.142, 9861, 
5871.144, 9859, 
5871.146, 9858, 
5871.148, 9857, 
5871.15, 9856, 
5871.152, 9854, 
5871.154, 9854, 
5871.156, 9853, 
5871.158, 9851, 
5871.16, 9850, 
5871.162, 9849, 
5871.164, 9848, 
5871.166, 9847, 
5871.168, 9847, 
5871.17, 9847, 
5871.172, 9846, 
5871.174, 9847, 
5871.176, 9846, 
5871.178, 9845, 
5871.18, 9845, 
5871.182, 9845, 
5871.184, 9844, 
5871.186, 9843, 
5871.188, 9843, 
5871.19, 9841, 
5871.192, 9840, 
5871.194, 9839, 
5871.196, 9838, 
5871.198, 9836, 
5871.2, 9835, 
5871.202, 9834, 
5871.204, 9831, 
5871.206, 9829, 
5871.208, 9826, 
5871.21, 9824, 
5871.212, 9821, 
5871.214, 9817, 
5871.216, 9814, 
5871.218, 9811, 
5871.22, 9807, 
5871.222, 9803, 
5871.224, 9798, 
5871.226, 9794, 
5871.228, 9789, 
5871.23, 9784, 
5871.232, 9778, 
5871.234, 9771, 
5871.236, 9765, 
5871.238, 9759, 
5871.24, 9753, 
5871.242, 9745, 
5871.244, 9738, 
5871.246, 9731, 
5871.248, 9723, 
5871.25, 9715, 
5871.252, 9706, 
5871.254, 9697, 
5871.256, 9688, 
5871.258, 9679, 
5871.26, 9669, 
5871.262, 9659, 
5871.264, 9649, 
5871.266, 9640, 
5871.268, 9629, 
5871.27, 9618, 
5871.272, 9608, 
5871.274, 9598, 
5871.276, 9588, 
5871.278, 9578, 
5871.28, 9564, 
5871.282, 9553, 
5871.284, 9545, 
5871.286, 9537, 
5871.288, 9531, 
5871.29, 9525, 
5871.292, 9521, 
5871.294, 9518, 
5871.296, 9516, 
5871.298, 9515, 
5871.3, 9516, 
5871.302, 9519, 
5871.304, 9521, 
5871.306, 9525, 
5871.308, 9530, 
5871.31, 9536, 
5871.312, 9543, 
5871.314, 9550, 
5871.316, 9557, 
5871.318, 9565, 
5871.32, 9574, 
5871.322, 9583, 
5871.324, 9593, 
5871.326, 9603, 
5871.328, 9613, 
5871.33, 9623, 
5871.332, 9634, 
5871.334, 9644, 
5871.336, 9654, 
5871.338, 9664, 
5871.34, 9674, 
5871.342, 9683, 
5871.344, 9693, 
5871.346, 9702, 
5871.348, 9711, 
5871.35, 9719, 
5871.352, 9728, 
5871.354, 9736, 
5871.356, 9744, 
5871.358, 9752, 
5871.36, 9760, 
5871.362, 9767, 
5871.364, 9774, 
5871.366, 9781, 
5871.368, 9788, 
5871.37, 9795, 
5871.372, 9799, 
5871.374, 9803, 
5871.376, 9809, 
5871.378, 9815, 
5871.38, 9820, 
5871.382, 9824, 
5871.384, 9829, 
5871.386, 9833, 
5871.388, 9836, 
5871.39, 9839, 
5871.392, 9843, 
5871.394, 9846, 
5871.396, 9849, 
5871.398, 9851, 
5871.4, 9854, 
5871.402, 9856, 
5871.404, 9858, 
5871.406, 9860, 
5871.408, 9861, 
5871.41, 9863, 
5871.412, 9864, 
5871.414, 9865, 
5871.416, 9866, 
5871.418, 9866, 
5871.42, 9867, 
5871.422, 9868, 
5871.424, 9868, 
5871.426, 9868, 
5871.428, 9868, 
5871.43, 9869, 
5871.432, 9869, 
5871.434, 9871, 
5871.436, 9871, 
5871.438, 9871, 
5871.44, 9871, 
5871.442, 9871, 
5871.444, 9871, 
5871.446, 9871, 
5871.448, 9871, 
5871.45, 9871, 
5871.452, 9872, 
5871.454, 9873, 
5871.456, 9873, 
5871.458, 9874, 
5871.46, 9875, 
5871.462, 9876, 
5871.464, 9876, 
5871.466, 9877, 
5871.468, 9878, 
5871.47, 9879, 
5871.472, 9879, 
5871.474, 9880, 
5871.476, 9881, 
5871.478, 9881, 
5871.48, 9881, 
5871.482, 9882, 
5871.484, 9882, 
5871.486, 9882, 
5871.488, 9882, 
5871.49, 9881, 
5871.492, 9881, 
5871.494, 9881, 
5871.496, 9880, 
5871.498, 9880, 
5871.5, 9880, 
5871.502, 9879, 
5871.504, 9878, 
5871.506, 9878, 
5871.508, 9877, 
5871.51, 9877, 
5871.512, 9877, 
5871.514, 9876, 
5871.516, 9876, 
5871.518, 9876, 
5871.52, 9876, 
5871.522, 9876, 
5871.524, 9876, 
5871.526, 9876, 
5871.528, 9876, 
5871.53, 9876, 
5871.532, 9876, 
5871.534, 9876, 
5871.536, 9876, 
5871.538, 9876, 
5871.54, 9875, 
5871.542, 9875, 
5871.544, 9876, 
5871.546, 9875, 
5871.548, 9875, 
5871.55, 9875, 
5871.552, 9874, 
5871.554, 9874, 
5871.556, 9874, 
5871.558, 9873, 
5871.56, 9873, 
5871.562, 9874, 
5871.564, 9874, 
5871.566, 9874, 
5871.568, 9874, 
5871.57, 9873, 
5871.572, 9873, 
5871.574, 9874, 
5871.576, 9874, 
5871.578, 9874, 
5871.58, 9874, 
5871.582, 9874, 
5871.584, 9874, 
5871.586, 9875, 
5871.588, 9875, 
5871.59, 9876, 
5871.592, 9876, 
5871.594, 9876, 
5871.596, 9876, 
5871.598, 9876, 
5871.6, 9876, 
5871.602, 9876, 
5871.604, 9877, 
5871.606, 9877, 
5871.608, 9878, 
5871.61, 9878, 
5871.612, 9878, 
5871.614, 9878, 
5871.616, 9879, 
5871.618, 9880, 
5871.62, 9880, 
5871.622, 9880, 
5871.624, 9881, 
5871.626, 9882, 
5871.628, 9883, 
5871.63, 9883, 
5871.632, 9884, 
5871.634, 9885, 
5871.636, 9887, 
5871.638, 9887, 
5871.64, 9888, 
5871.642, 9889, 
5871.644, 9889, 
5871.646, 9889, 
5871.648, 9890, 
5871.65, 9891, 
5871.652, 9891, 
5871.654, 9891, 
5871.656, 9892, 
5871.658, 9892, 
5871.66, 9892, 
5871.662, 9892, 
5871.664, 9892, 
5871.666, 9893, 
5871.668, 9893, 
5871.67, 9893, 
5871.672, 9893, 
5871.674, 9893, 
5871.676, 9893, 
5871.678, 9894, 
5871.68, 9893, 
5871.682, 9892, 
5871.684, 9893, 
5871.686, 9892, 
5871.688, 9892, 
5871.69, 9892, 
5871.692, 9891, 
5871.694, 9891, 
5871.696, 9891, 
5871.698, 9890, 
5871.7, 9889, 
5871.702, 9889, 
5871.704, 9887, 
5871.706, 9886, 
5871.708, 9885, 
5871.71, 9885, 
5871.712, 9884, 
5871.714, 9883, 
5871.716, 9882, 
5871.718, 9881, 
5871.72, 9880, 
5871.722, 9879, 
5871.724, 9878, 
5871.726, 9877, 
5871.728, 9876, 
5871.73, 9875, 
5871.732, 9874, 
5871.734, 9873, 
5871.736, 9872, 
5871.738, 9870, 
5871.74, 9869, 
5871.742, 9867, 
5871.744, 9865, 
5871.746, 9863, 
5871.748, 9861, 
5871.75, 9860, 
5871.752, 9858, 
5871.754, 9856, 
5871.756, 9854, 
5871.758, 9852, 
5871.76, 9850, 
5871.762, 9848, 
5871.764, 9846, 
5871.766, 9845, 
5871.768, 9843, 
5871.77, 9842, 
5871.772, 9840, 
5871.774, 9840, 
5871.776, 9839, 
5871.778, 9839, 
5871.78, 9839, 
5871.782, 9839, 
5871.784, 9840, 
5871.786, 9840, 
5871.788, 9841, 
5871.79, 9842, 
5871.792, 9844, 
5871.794, 9844, 
5871.796, 9845, 
5871.798, 9847, 
5871.8, 9849, 
5871.802, 9851, 
5871.804, 9852, 
5871.806, 9854, 
5871.808, 9856, 
5871.81, 9858, 
5871.812, 9859, 
5871.814, 9861, 
5871.816, 9862, 
5871.818, 9864, 
5871.82, 9865, 
5871.822, 9866, 
5871.824, 9866, 
5871.826, 9867, 
5871.828, 9868, 
5871.83, 9868, 
5871.832, 9868, 
5871.834, 9869, 
5871.836, 9869, 
5871.838, 9869, 
5871.84, 9869, 
5871.842, 9869, 
5871.844, 9868, 
5871.846, 9868, 
5871.848, 9868, 
5871.85, 9868, 
5871.852, 9868, 
5871.854, 9867, 
5871.856, 9867, 
5871.858, 9867, 
5871.86, 9867, 
5871.862, 9867, 
5871.864, 9867, 
5871.866, 9868, 
5871.868, 9868, 
5871.87, 9868, 
5871.872, 9869, 
5871.874, 9870, 
5871.876, 9871, 
5871.878, 9872, 
5871.88, 9873, 
5871.882, 9874, 
5871.884, 9875, 
5871.886, 9876, 
5871.888, 9878, 
5871.89, 9879, 
5871.892, 9880, 
5871.894, 9880, 
5871.896, 9881, 
5871.898, 9882, 
5871.9, 9883, 
5871.902, 9883, 
5871.904, 9884, 
5871.906, 9884, 
5871.908, 9885, 
5871.91, 9885, 
5871.912, 9884, 
5871.914, 9884, 
5871.916, 9884, 
5871.918, 9884, 
5871.92, 9883, 
5871.922, 9882, 
5871.924, 9882, 
5871.926, 9881, 
5871.928, 9880, 
5871.93, 9880, 
5871.932, 9879, 
5871.934, 9878, 
5871.936, 9877, 
5871.938, 9877, 
5871.94, 9877, 
5871.942, 9876, 
5871.944, 9876, 
5871.946, 9875, 
5871.948, 9874, 
5871.95, 9874, 
5871.952, 9874, 
5871.954, 9873, 
5871.956, 9872, 
5871.958, 9872, 
5871.96, 9871, 
5871.962, 9871, 
5871.964, 9871, 
5871.966, 9870, 
5871.968, 9870, 
5871.97, 9870, 
5871.972, 9869, 
5871.974, 9868, 
5871.976, 9868, 
5871.978, 9868, 
5871.98, 9867, 
5871.982, 9866, 
5871.984, 9866, 
5871.986, 9865, 
5871.988, 9865, 
5871.99, 9865, 
5871.992, 9864, 
5871.994, 9864, 
5871.996, 9864, 
5871.998, 9863, 
5872.0, 9863, 
5872.002, 9863, 
5872.004, 9863, 
5872.006, 9863, 
5872.008, 9863, 
5872.01, 9863, 
5872.012, 9863, 
5872.014, 9863, 
5872.016, 9864, 
5872.018, 9864, 
5872.02, 9864, 
5872.022, 9865, 
5872.024, 9866, 
5872.026, 9867, 
5872.028, 9868, 
5872.03, 9869, 
5872.032, 9870, 
5872.034, 9872, 
5872.036, 9872, 
5872.038, 9873, 
5872.04, 9875, 
5872.042, 9876, 
5872.044, 9877, 
5872.046, 9878, 
5872.048, 9879, 
5872.05, 9880, 
5872.052, 9881, 
5872.054, 9881, 
5872.056, 9882, 
5872.058, 9883, 
5872.06, 9884, 
5872.062, 9883, 
5872.064, 9883, 
5872.066, 9884, 
5872.068, 9884, 
5872.07, 9884, 
5872.072, 9884, 
5872.074, 9884, 
5872.076, 9884, 
5872.078, 9884, 
5872.08, 9884, 
5872.082, 9884, 
5872.084, 9885, 
5872.086, 9885, 
5872.088, 9886, 
5872.09, 9886, 
5872.092, 9886, 
5872.094, 9887, 
5872.096, 9888, 
5872.098, 9888, 
5872.1, 9888, 
5872.102, 9889, 
5872.104, 9890, 
5872.106, 9890, 
5872.108, 9891, 
5872.11, 9891, 
5872.112, 9891, 
5872.114, 9891, 
5872.116, 9892, 
5872.118, 9892, 
5872.12, 9892, 
5872.122, 9892, 
5872.124, 9892, 
5872.126, 9891, 
5872.128, 9891, 
5872.13, 9891, 
5872.132, 9890, 
5872.134, 9890, 
5872.136, 9890, 
5872.138, 9889, 
5872.14, 9888, 
5872.142, 9888, 
5872.144, 9888, 
5872.146, 9887, 
5872.148, 9887, 
5872.15, 9887, 
5872.152, 9886, 
5872.154, 9886, 
5872.156, 9886, 
5872.158, 9885, 
5872.16, 9885, 
5872.162, 9885, 
5872.164, 9885, 
5872.166, 9884, 
5872.168, 9884, 
5872.17, 9884, 
5872.172, 9883, 
5872.174, 9883, 
5872.176, 9883, 
5872.178, 9882, 
5872.18, 9882, 
5872.182, 9882, 
5872.184, 9881, 
5872.186, 9880, 
5872.188, 9880, 
5872.19, 9879, 
5872.192, 9879, 
5872.194, 9879, 
5872.196, 9878, 
5872.198, 9877, 
5872.2, 9877, 
5872.202, 9876, 
5872.204, 9875, 
5872.206, 9875, 
5872.208, 9874, 
5872.21, 9873, 
5872.212, 9871, 
5872.214, 9871, 
5872.216, 9870, 
5872.218, 9869, 
5872.22, 9869, 
5872.222, 9868, 
5872.224, 9867, 
5872.226, 9866, 
5872.228, 9866, 
5872.23, 9866, 
5872.232, 9865, 
5872.234, 9865, 
5872.236, 9864, 
5872.238, 9864, 
5872.24, 9864, 
5872.242, 9865, 
5872.244, 9865, 
5872.246, 9865, 
5872.248, 9865, 
5872.25, 9866, 
5872.252, 9866, 
5872.254, 9866, 
5872.256, 9867, 
5872.258, 9867, 
5872.26, 9868, 
5872.262, 9868, 
5872.264, 9868, 
5872.266, 9869, 
5872.268, 9870, 
5872.27, 9870, 
5872.272, 9871, 
5872.274, 9872, 
5872.276, 9873, 
5872.278, 9873, 
5872.28, 9874, 
5872.282, 9875, 
5872.284, 9875, 
5872.286, 9875, 
5872.288, 9876, 
5872.29, 9877, 
5872.292, 9877, 
5872.294, 9877, 
5872.296, 9878, 
5872.298, 9878, 
5872.3, 9878, 
5872.302, 9878, 
5872.304, 9879, 
5872.306, 9879, 
5872.308, 9879, 
5872.31, 9878, 
5872.312, 9878, 
5872.314, 9878, 
5872.316, 9879, 
5872.318, 9879, 
5872.32, 9880, 
5872.322, 9880, 
5872.324, 9880, 
5872.326, 9881, 
5872.328, 9882, 
5872.33, 9882, 
5872.332, 9883, 
5872.334, 9884, 
5872.336, 9885, 
5872.338, 9885, 
5872.34, 9886, 
5872.342, 9887, 
5872.344, 9888, 
5872.346, 9888, 
5872.348, 9889, 
5872.35, 9890, 
5872.352, 9891, 
5872.354, 9891, 
5872.356, 9892, 
5872.358, 9893, 
5872.36, 9894, 
5872.362, 9894, 
5872.364, 9895, 
5872.366, 9895, 
5872.368, 9895, 
5872.37, 9895, 
5872.372, 9895, 
5872.374, 9895, 
5872.376, 9895, 
5872.378, 9895, 
5872.38, 9894, 
5872.382, 9893, 
5872.384, 9892, 
5872.386, 9892, 
5872.388, 9891, 
5872.39, 9890, 
5872.392, 9888, 
5872.394, 9887, 
5872.396, 9885, 
5872.398, 9884, 
5872.4, 9883, 
5872.402, 9882, 
5872.404, 9881, 
5872.406, 9879, 
5872.408, 9878, 
5872.41, 9876, 
5872.412, 9875, 
5872.414, 9874, 
5872.416, 9873, 
5872.418, 9872, 
5872.42, 9871, 
5872.422, 9870, 
5872.424, 9869, 
5872.426, 9868, 
5872.428, 9867, 
5872.43, 9867, 
5872.432, 9867, 
5872.434, 9865, 
5872.436, 9865, 
5872.438, 9865, 
5872.44, 9864, 
5872.442, 9864, 
5872.444, 9865, 
5872.446, 9865, 
5872.448, 9865, 
5872.45, 9865, 
5872.452, 9865, 
5872.454, 9866, 
5872.456, 9867, 
5872.458, 9868, 
5872.46, 9868, 
5872.462, 9869, 
5872.464, 9870, 
5872.466, 9871, 
5872.468, 9871, 
5872.47, 9872, 
5872.472, 9873, 
5872.474, 9874, 
5872.476, 9875, 
5872.478, 9875, 
5872.48, 9876, 
5872.482, 9877, 
5872.484, 9877, 
5872.486, 9877, 
5872.488, 9877, 
5872.49, 9877, 
5872.492, 9877, 
5872.494, 9877, 
5872.496, 9878, 
5872.498, 9877, 
5872.5, 9877, 
5872.502, 9877, 
5872.504, 9876, 
5872.506, 9876, 
5872.508, 9876, 
5872.51, 9875, 
5872.512, 9875, 
5872.514, 9875, 
5872.516, 9875, 
5872.518, 9875, 
5872.52, 9875, 
5872.522, 9875, 
5872.524, 9875, 
5872.526, 9875, 
5872.528, 9875, 
5872.53, 9876, 
5872.532, 9876, 
5872.534, 9877, 
5872.536, 9879, 
5872.538, 9880, 
5872.54, 9881, 
5872.542, 9883, 
5872.544, 9884, 
5872.546, 9886, 
5872.548, 9888, 
5872.55, 9890, 
5872.552, 9893, 
5872.554, 9894, 
5872.556, 9896, 
5872.558, 9898, 
5872.56, 9900, 
5872.562, 9902, 
5872.564, 9904, 
5872.566, 9905, 
5872.568, 9906, 
5872.57, 9907, 
5872.572, 9908, 
5872.574, 9908, 
5872.576, 9909, 
5872.578, 9909, 
5872.58, 9909, 
5872.582, 9909, 
5872.584, 9909, 
5872.586, 9908, 
5872.588, 9907, 
5872.59, 9906, 
5872.592, 9906, 
5872.594, 9905, 
5872.596, 9904, 
5872.598, 9904, 
5872.6, 9903, 
5872.602, 9902, 
5872.604, 9901, 
5872.606, 9901, 
5872.608, 9900, 
5872.61, 9900, 
5872.612, 9900, 
5872.614, 9899, 
5872.616, 9898, 
5872.618, 9898, 
5872.62, 9898, 
5872.622, 9897, 
5872.624, 9896, 
5872.626, 9896, 
5872.628, 9895, 
5872.63, 9894, 
5872.632, 9894, 
5872.634, 9892, 
5872.636, 9891, 
5872.638, 9890, 
5872.64, 9889, 
5872.642, 9888, 
5872.644, 9887, 
5872.646, 9886, 
5872.648, 9886, 
5872.65, 9884, 
5872.652, 9883, 
5872.654, 9882, 
5872.656, 9882, 
5872.658, 9881, 
5872.66, 9880, 
5872.662, 9879, 
5872.664, 9878, 
5872.666, 9877, 
5872.668, 9876, 
5872.67, 9876, 
5872.672, 9875, 
5872.674, 9874, 
5872.676, 9873, 
5872.678, 9873, 
5872.68, 9871, 
5872.682, 9870, 
5872.684, 9869, 
5872.686, 9868, 
5872.688, 9867, 
5872.69, 9866, 
5872.692, 9865, 
5872.694, 9864, 
5872.696, 9862, 
5872.698, 9861, 
5872.7, 9861, 
5872.702, 9859, 
5872.704, 9858, 
5872.706, 9857, 
5872.708, 9857, 
5872.71, 9856, 
5872.712, 9855, 
5872.714, 9855, 
5872.716, 9854, 
5872.718, 9854, 
5872.72, 9853, 
5872.722, 9853, 
5872.724, 9853, 
5872.726, 9852, 
5872.728, 9852, 
5872.73, 9852, 
5872.732, 9851, 
5872.734, 9851, 
5872.736, 9850, 
5872.738, 9849, 
5872.74, 9848, 
5872.742, 9848, 
5872.744, 9847, 
5872.746, 9845, 
5872.748, 9844, 
5872.75, 9842, 
5872.752, 9841, 
5872.754, 9839, 
5872.756, 9837, 
5872.758, 9836, 
5872.76, 9833, 
5872.762, 9831, 
5872.764, 9829, 
5872.766, 9828, 
5872.768, 9826, 
5872.77, 9824, 
5872.772, 9822, 
5872.774, 9821, 
5872.776, 9819, 
5872.778, 9818, 
5872.78, 9816, 
5872.782, 9815, 
5872.784, 9813, 
5872.786, 9813, 
5872.788, 9812, 
5872.79, 9811, 
5872.792, 9811, 
5872.794, 9811, 
5872.796, 9810, 
5872.798, 9810, 
5872.8, 9810, 
5872.802, 9810, 
5872.804, 9810, 
5872.806, 9811, 
5872.808, 9810, 
5872.81, 9810, 
5872.812, 9810, 
5872.814, 9810, 
5872.816, 9811, 
5872.818, 9811, 
5872.82, 9812, 
5872.822, 9812, 
5872.824, 9812, 
5872.826, 9812, 
5872.828, 9813, 
5872.83, 9813, 
5872.832, 9814, 
5872.834, 9814, 
5872.836, 9814, 
5872.838, 9815, 
5872.84, 9815, 
5872.842, 9815, 
5872.844, 9815, 
5872.846, 9815, 
5872.848, 9815, 
5872.85, 9815, 
5872.852, 9815, 
5872.854, 9815, 
5872.856, 9814, 
5872.858, 9813, 
5872.86, 9813, 
5872.862, 9812, 
5872.864, 9811, 
5872.866, 9809, 
5872.868, 9808, 
5872.87, 9807, 
5872.872, 9805, 
5872.874, 9804, 
5872.876, 9802, 
5872.878, 9801, 
5872.88, 9798, 
5872.882, 9797, 
5872.884, 9795, 
5872.886, 9793, 
5872.888, 9791, 
5872.89, 9790, 
5872.892, 9787, 
5872.894, 9785, 
5872.896, 9783, 
5872.898, 9782, 
5872.9, 9780, 
5872.902, 9779, 
5872.904, 9778, 
5872.906, 9776, 
5872.908, 9775, 
5872.91, 9773, 
5872.912, 9772, 
5872.914, 9771, 
5872.916, 9770, 
5872.918, 9769, 
5872.92, 9769, 
5872.922, 9768, 
5872.924, 9767, 
5872.926, 9767, 
5872.928, 9767, 
5872.93, 9766, 
5872.932, 9766, 
5872.934, 9766, 
5872.936, 9765, 
5872.938, 9764, 
5872.94, 9764, 
5872.942, 9764, 
5872.944, 9764, 
5872.946, 9764, 
5872.948, 9763, 
5872.95, 9763, 
5872.952, 9763, 
5872.954, 9762, 
5872.956, 9762, 
5872.958, 9761, 
5872.96, 9761, 
5872.962, 9761, 
5872.964, 9760, 
5872.966, 9760, 
5872.968, 9760, 
5872.97, 9760, 
5872.972, 9760, 
5872.974, 9760, 
5872.976, 9760, 
5872.978, 9761, 
5872.98, 9761, 
5872.982, 9761, 
5872.984, 9761, 
5872.986, 9761, 
5872.988, 9761, 
5872.99, 9762, 
5872.992, 9762, 
5872.994, 9761, 
5872.996, 9761, 
5872.998, 9761, 
5873.0, 9759, 
5873.002, 9759, 
5873.004, 9758, 
5873.006, 9757, 
5873.008, 9755, 
5873.01, 9753, 
5873.012, 9751, 
5873.014, 9749, 
5873.016, 9746, 
5873.018, 9743, 
5873.02, 9740, 
5873.022, 9737, 
5873.024, 9733, 
5873.026, 9729, 
5873.028, 9725, 
5873.03, 9720, 
5873.032, 9716, 
5873.034, 9711, 
5873.036, 9705, 
5873.038, 9700, 
5873.04, 9694, 
5873.042, 9688, 
5873.044, 9682, 
5873.046, 9676, 
5873.048, 9669, 
5873.05, 9662, 
5873.052, 9655, 
5873.054, 9648, 
5873.056, 9641, 
5873.058, 9633, 
5873.06, 9626, 
5873.062, 9619, 
5873.064, 9611, 
5873.066, 9604, 
5873.068, 9595, 
5873.07, 9588, 
5873.072, 9581, 
5873.074, 9574, 
5873.076, 9568, 
5873.078, 9561, 
5873.08, 9555, 
5873.082, 9549, 
5873.084, 9543, 
5873.086, 9538, 
5873.088, 9533, 
5873.09, 9528, 
5873.092, 9524, 
5873.094, 9520, 
5873.096, 9516, 
5873.098, 9512, 
5873.1, 9508, 
5873.102, 9505, 
5873.104, 9502, 
5873.106, 9499, 
5873.108, 9496, 
5873.11, 9493, 
5873.112, 9490, 
5873.114, 9487, 
5873.116, 9484, 
5873.118, 9480, 
5873.12, 9475, 
5873.122, 9471, 
5873.124, 9465, 
5873.126, 9460, 
5873.128, 9453, 
5873.13, 9446, 
5873.132, 9437, 
5873.134, 9430, 
5873.136, 9426, 
5873.138, 9414, 
5873.14, 9403, 
5873.142, 9390, 
5873.144, 9377, 
5873.146, 9362, 
5873.148, 9345, 
5873.15, 9328, 
5873.152, 9310, 
5873.154, 9292, 
5873.156, 9268, 
5873.158, 9240, 
5873.16, 9208, 
5873.162, 9173, 
5873.164, 9138, 
5873.166, 9096, 
5873.168, 9052, 
5873.17, 9004, 
5873.172, 8955, 
5873.174, 8904, 
5873.176, 8854, 
5873.178, 8804, 
5873.18, 8754, 
5873.182, 8706, 
5873.184, 8658, 
5873.186, 8610, 
5873.188, 8560, 
5873.19, 8511, 
5873.192, 8462, 
5873.194, 8417, 
5873.196, 8379, 
5873.198, 8346, 
5873.2, 8316, 
5873.202, 8290, 
5873.204, 8268, 
5873.206, 8249, 
5873.208, 8233, 
5873.21, 8224, 
5873.212, 8220, 
5873.214, 8228, 
5873.216, 8244, 
5873.218, 8263, 
5873.22, 8285, 
5873.222, 8308, 
5873.224, 8335, 
5873.226, 8366, 
5873.228, 8403, 
5873.23, 8443, 
5873.232, 8487, 
5873.234, 8532, 
5873.236, 8580, 
5873.238, 8629, 
5873.24, 8681, 
5873.242, 8734, 
5873.244, 8788, 
5873.246, 8842, 
5873.248, 8894, 
5873.25, 8946, 
5873.252, 8994, 
5873.254, 9043, 
5873.256, 9089, 
5873.258, 9135, 
5873.26, 9179, 
5873.262, 9220, 
5873.264, 9260, 
5873.266, 9297, 
5873.268, 9332, 
5873.27, 9364, 
5873.272, 9396, 
5873.274, 9425, 
5873.276, 9453, 
5873.278, 9480, 
5873.28, 9504, 
5873.282, 9527, 
5873.284, 9548, 
5873.286, 9568, 
5873.288, 9587, 
5873.29, 9606, 
5873.292, 9624, 
5873.294, 9641, 
5873.296, 9656, 
5873.298, 9671, 
5873.3, 9684, 
5873.302, 9697, 
5873.304, 9710, 
5873.306, 9721, 
5873.308, 9733, 
5873.31, 9743, 
5873.312, 9753, 
5873.314, 9762, 
5873.316, 9770, 
5873.318, 9777, 
5873.32, 9785, 
5873.322, 9792, 
5873.324, 9799, 
5873.326, 9804, 
5873.328, 9808, 
5873.33, 9813, 
5873.332, 9818, 
5873.334, 9823, 
5873.336, 9827, 
5873.338, 9831, 
5873.34, 9834, 
5873.342, 9837, 
5873.344, 9840, 
5873.346, 9843, 
5873.348, 9846, 
5873.35, 9848, 
5873.352, 9850, 
5873.354, 9852, 
5873.356, 9853, 
5873.358, 9855, 
5873.36, 9856, 
5873.362, 9857, 
5873.364, 9858, 
5873.366, 9859, 
5873.368, 9859, 
5873.37, 9860, 
5873.372, 9860, 
5873.374, 9860, 
5873.376, 9861, 
5873.378, 9861, 
5873.38, 9861, 
5873.382, 9861, 
5873.384, 9861, 
5873.386, 9861, 
5873.388, 9861, 
5873.39, 9860, 
5873.392, 9860, 
5873.394, 9860, 
5873.396, 9860, 
5873.398, 9860, 
5873.4, 9859, 
5873.402, 9859, 
5873.404, 9859, 
5873.406, 9859, 
5873.408, 9859, 
5873.41, 9859, 
5873.412, 9859, 
5873.414, 9858, 
5873.416, 9859, 
5873.418, 9859, 
5873.42, 9860, 
5873.422, 9861, 
5873.424, 9861, 
5873.426, 9862, 
5873.428, 9863, 
5873.43, 9864, 
5873.432, 9865, 
5873.434, 9866, 
5873.436, 9868, 
5873.438, 9869, 
5873.44, 9870, 
5873.442, 9872, 
5873.444, 9874, 
5873.446, 9875, 
5873.448, 9876, 
5873.45, 9877, 
5873.452, 9877, 
5873.454, 9879, 
5873.456, 9879, 
5873.458, 9879, 
5873.46, 9880, 
5873.462, 9881, 
5873.464, 9881, 
5873.466, 9881, 
5873.468, 9882, 
5873.47, 9881, 
5873.472, 9881, 
5873.474, 9881, 
5873.476, 9881, 
5873.478, 9880, 
5873.48, 9880, 
5873.482, 9880, 
5873.484, 9879, 
5873.486, 9878, 
5873.488, 9878, 
5873.49, 9877, 
5873.492, 9875, 
5873.494, 9874, 
5873.496, 9873, 
5873.498, 9871, 
5873.5, 9870, 
5873.502, 9869, 
5873.504, 9868, 
5873.506, 9867, 
5873.508, 9866, 
5873.51, 9865, 
5873.512, 9864, 
5873.514, 9863, 
5873.516, 9862, 
5873.518, 9861, 
5873.52, 9859, 
5873.522, 9858, 
5873.524, 9857, 
5873.526, 9856, 
5873.528, 9855, 
5873.53, 9854, 
5873.532, 9852, 
5873.534, 9850, 
5873.536, 9849, 
5873.538, 9848, 
5873.54, 9846, 
5873.542, 9844, 
5873.544, 9843, 
5873.546, 9841, 
5873.548, 9839, 
5873.55, 9837, 
5873.552, 9836, 
5873.554, 9835, 
5873.556, 9833, 
5873.558, 9832, 
5873.56, 9832, 
5873.562, 9832, 
5873.564, 9831, 
5873.566, 9832, 
5873.568, 9832, 
5873.57, 9833, 
5873.572, 9833, 
5873.574, 9834, 
5873.576, 9835, 
5873.578, 9837, 
5873.58, 9839, 
5873.582, 9840, 
5873.584, 9842, 
5873.586, 9843, 
5873.588, 9845, 
5873.59, 9846, 
5873.592, 9848, 
5873.594, 9850, 
5873.596, 9851, 
5873.598, 9852, 
5873.6, 9853, 
5873.602, 9855, 
5873.604, 9856, 
5873.606, 9857, 
5873.608, 9857, 
5873.61, 9858, 
5873.612, 9858, 
5873.614, 9858, 
5873.616, 9858, 
5873.618, 9857, 
5873.62, 9857, 
5873.622, 9856, 
5873.624, 9855, 
5873.626, 9854, 
5873.628, 9853, 
5873.63, 9852, 
5873.632, 9850, 
5873.634, 9848, 
5873.636, 9846, 
5873.638, 9843, 
5873.64, 9841, 
5873.642, 9838, 
5873.644, 9835, 
5873.646, 9833, 
5873.648, 9830, 
5873.65, 9827, 
5873.652, 9823, 
5873.654, 9819, 
5873.656, 9815, 
5873.658, 9811, 
5873.66, 9807, 
5873.662, 9802, 
5873.664, 9797, 
5873.666, 9792, 
5873.668, 9786, 
5873.67, 9780, 
5873.672, 9774, 
5873.674, 9768, 
5873.676, 9760, 
5873.678, 9753, 
5873.68, 9745, 
5873.682, 9737, 
5873.684, 9730, 
5873.686, 9722, 
5873.688, 9713, 
5873.69, 9706, 
5873.692, 9696, 
5873.694, 9686, 
5873.696, 9675, 
5873.698, 9664, 
5873.7, 9653, 
5873.702, 9641, 
5873.704, 9628, 
5873.706, 9616, 
5873.708, 9603, 
5873.71, 9590, 
5873.712, 9578, 
5873.714, 9564, 
5873.716, 9551, 
5873.718, 9537, 
5873.72, 9524, 
5873.722, 9510, 
5873.724, 9497, 
5873.726, 9484, 
5873.728, 9471, 
5873.73, 9459, 
5873.732, 9447, 
5873.734, 9435, 
5873.736, 9424, 
5873.738, 9413, 
5873.74, 9403, 
5873.742, 9393, 
5873.744, 9384, 
5873.746, 9375, 
5873.748, 9368, 
5873.75, 9361, 
5873.752, 9354, 
5873.754, 9348, 
5873.756, 9344, 
5873.758, 9341, 
5873.76, 9339, 
5873.762, 9338, 
5873.764, 9338, 
5873.766, 9339, 
5873.768, 9341, 
5873.77, 9345, 
5873.772, 9349, 
5873.774, 9354, 
5873.776, 9361, 
5873.778, 9368, 
5873.78, 9376, 
5873.782, 9385, 
5873.784, 9395, 
5873.786, 9404, 
5873.788, 9416, 
5873.79, 9427, 
5873.792, 9438, 
5873.794, 9450, 
5873.796, 9462, 
5873.798, 9475, 
5873.8, 9487, 
5873.802, 9499, 
5873.804, 9510, 
5873.806, 9522, 
5873.808, 9536, 
5873.81, 9547, 
5873.812, 9559, 
5873.814, 9571, 
5873.816, 9583, 
5873.818, 9594, 
5873.82, 9606, 
5873.822, 9617, 
5873.824, 9628, 
5873.826, 9639, 
5873.828, 9649, 
5873.83, 9659, 
5873.832, 9670, 
5873.834, 9679, 
5873.836, 9687, 
5873.838, 9696, 
5873.84, 9703, 
5873.842, 9711, 
5873.844, 9719, 
5873.846, 9726, 
5873.848, 9732, 
5873.85, 9738, 
5873.852, 9745, 
5873.854, 9751, 
5873.856, 9756, 
5873.858, 9761, 
5873.86, 9766, 
5873.862, 9770, 
5873.864, 9773, 
5873.866, 9777, 
5873.868, 9780, 
5873.87, 9784, 
5873.872, 9786, 
5873.874, 9789, 
5873.876, 9792, 
5873.878, 9794, 
5873.88, 9796, 
5873.882, 9798, 
5873.884, 9800, 
5873.886, 9802, 
5873.888, 9803, 
5873.89, 9804, 
5873.892, 9806, 
5873.894, 9807, 
5873.896, 9808, 
5873.898, 9808, 
5873.9, 9809, 
5873.902, 9810, 
5873.904, 9810, 
5873.906, 9811, 
5873.908, 9811, 
5873.91, 9811, 
5873.912, 9812, 
5873.914, 9812, 
5873.916, 9812, 
5873.918, 9812, 
5873.92, 9813, 
5873.922, 9813, 
5873.924, 9814, 
5873.926, 9814, 
5873.928, 9814, 
5873.93, 9815, 
5873.932, 9815, 
5873.934, 9816, 
5873.936, 9817, 
5873.938, 9816, 
5873.94, 9817, 
5873.942, 9818, 
5873.944, 9818, 
5873.946, 9818, 
5873.948, 9818, 
5873.95, 9818, 
5873.952, 9818, 
5873.954, 9819, 
5873.956, 9819, 
5873.958, 9819, 
5873.96, 9819, 
5873.962, 9819, 
5873.964, 9819, 
5873.966, 9818, 
5873.968, 9818, 
5873.97, 9818, 
5873.972, 9818, 
5873.974, 9819, 
5873.976, 9819, 
5873.978, 9819, 
5873.98, 9819, 
5873.982, 9820, 
5873.984, 9820, 
5873.986, 9821, 
5873.988, 9821, 
5873.99, 9821, 
5873.992, 9822, 
5873.994, 9823, 
5873.996, 9824, 
5873.998, 9824, 
5874.0, 9826, 
5874.002, 9827, 
5874.004, 9828, 
5874.006, 9829, 
5874.008, 9830, 
5874.01, 9832, 
5874.012, 9833, 
5874.014, 9834, 
5874.016, 9836, 
5874.018, 9837, 
5874.02, 9839, 
5874.022, 9841, 
5874.024, 9842, 
5874.026, 9844, 
5874.028, 9846, 
5874.03, 9848, 
5874.032, 9850, 
5874.034, 9851, 
5874.036, 9853, 
5874.038, 9855, 
5874.04, 9857, 
5874.042, 9860, 
5874.044, 9862, 
5874.046, 9863, 
5874.048, 9865, 
5874.05, 9866, 
5874.052, 9867, 
5874.054, 9869, 
5874.056, 9870, 
5874.058, 9872, 
5874.06, 9873, 
5874.062, 9874, 
5874.064, 9875, 
5874.066, 9876, 
5874.068, 9877, 
5874.07, 9878, 
5874.072, 9879, 
5874.074, 9880, 
5874.076, 9881, 
5874.078, 9882, 
5874.08, 9883, 
5874.082, 9884, 
5874.084, 9884, 
5874.086, 9885, 
5874.088, 9886, 
5874.09, 9887, 
5874.092, 9888, 
5874.094, 9889, 
5874.096, 9889, 
5874.098, 9890, 
5874.1, 9890, 
5874.102, 9891, 
5874.104, 9891, 
5874.106, 9892, 
5874.108, 9892, 
5874.11, 9892, 
5874.112, 9892, 
5874.114, 9893, 
5874.116, 9893, 
5874.118, 9894, 
5874.12, 9893, 
5874.122, 9893, 
5874.124, 9894, 
5874.126, 9894, 
5874.128, 9894, 
5874.13, 9894, 
5874.132, 9894, 
5874.134, 9894, 
5874.136, 9894, 
5874.138, 9894, 
5874.14, 9894, 
5874.142, 9895, 
5874.144, 9895, 
5874.146, 9895, 
5874.148, 9895, 
5874.15, 9896, 
5874.152, 9895, 
5874.154, 9895, 
5874.156, 9895, 
5874.158, 9895, 
5874.16, 9896, 
5874.162, 9895, 
5874.164, 9895, 
5874.166, 9895, 
5874.168, 9894, 
5874.17, 9894, 
5874.172, 9894, 
5874.174, 9894, 
5874.176, 9894, 
5874.178, 9894, 
5874.18, 9894, 
5874.182, 9894, 
5874.184, 9894, 
5874.186, 9894, 
5874.188, 9894, 
5874.19, 9895, 
5874.192, 9895, 
5874.194, 9895, 
5874.196, 9895, 
5874.198, 9896, 
5874.2, 9897, 
5874.202, 9898, 
5874.204, 9898, 
5874.206, 9898, 
5874.208, 9899, 
5874.21, 9899, 
5874.212, 9900, 
5874.214, 9900, 
5874.216, 9901, 
5874.218, 9901, 
5874.22, 9901, 
5874.222, 9901, 
5874.224, 9902, 
5874.226, 9902, 
5874.228, 9902, 
5874.23, 9902, 
5874.232, 9903, 
5874.234, 9903, 
5874.236, 9903, 
5874.238, 9902, 
5874.24, 9903, 
5874.242, 9903, 
5874.244, 9902, 
5874.246, 9903, 
5874.248, 9902, 
5874.25, 9902, 
5874.252, 9902, 
5874.254, 9902, 
5874.256, 9902, 
5874.258, 9901, 
5874.26, 9902, 
5874.262, 9901, 
5874.264, 9901, 
5874.266, 9901, 
5874.268, 9901, 
5874.27, 9901, 
5874.272, 9900, 
5874.274, 9900, 
5874.276, 9899, 
5874.278, 9899, 
5874.28, 9898, 
5874.282, 9898, 
5874.284, 9897, 
5874.286, 9897, 
5874.288, 9896, 
5874.29, 9896, 
5874.292, 9895, 
5874.294, 9895, 
5874.296, 9894, 
5874.298, 9894, 
5874.3, 9893, 
5874.302, 9892, 
5874.304, 9892, 
5874.306, 9891, 
5874.308, 9891, 
5874.31, 9891, 
5874.312, 9891, 
5874.314, 9890, 
5874.316, 9890, 
5874.318, 9889, 
5874.32, 9889, 
5874.322, 9888, 
5874.324, 9888, 
5874.326, 9887, 
5874.328, 9886, 
5874.33, 9885, 
5874.332, 9885, 
5874.334, 9884, 
5874.336, 9883, 
5874.338, 9881, 
5874.34, 9880, 
5874.342, 9879, 
5874.344, 9878, 
5874.346, 9877, 
5874.348, 9877, 
5874.35, 9876, 
5874.352, 9876, 
5874.354, 9875, 
5874.356, 9874, 
5874.358, 9874, 
5874.36, 9874, 
5874.362, 9874, 
5874.364, 9874, 
5874.366, 9874, 
5874.368, 9874, 
5874.37, 9874, 
5874.372, 9874, 
5874.374, 9875, 
5874.376, 9875, 
5874.378, 9876, 
5874.38, 9876, 
5874.382, 9876, 
5874.384, 9876, 
5874.386, 9877, 
5874.388, 9877, 
5874.39, 9878, 
5874.392, 9878, 
5874.394, 9878, 
5874.396, 9879, 
5874.398, 9880, 
5874.4, 9880, 
5874.402, 9881, 
5874.404, 9882, 
5874.406, 9882, 
5874.408, 9882, 
5874.41, 9883, 
5874.412, 9883, 
5874.414, 9883, 
5874.416, 9883, 
5874.418, 9883, 
5874.42, 9884, 
5874.422, 9885, 
5874.424, 9885, 
5874.426, 9885, 
5874.428, 9885, 
5874.43, 9884, 
5874.432, 9884, 
5874.434, 9884, 
5874.436, 9884, 
5874.438, 9884, 
5874.44, 9884, 
5874.442, 9885, 
5874.444, 9884, 
5874.446, 9884, 
5874.448, 9884, 
5874.45, 9884, 
5874.452, 9884, 
5874.454, 9884, 
5874.456, 9884, 
5874.458, 9884, 
5874.46, 9883, 
5874.462, 9883, 
5874.464, 9883, 
5874.466, 9883, 
5874.468, 9884, 
5874.47, 9883, 
5874.472, 9883, 
5874.474, 9882, 
5874.476, 9882, 
5874.478, 9882, 
5874.48, 9882, 
5874.482, 9882, 
5874.484, 9882, 
5874.486, 9882, 
5874.488, 9882, 
5874.49, 9881, 
5874.492, 9881, 
5874.494, 9881, 
5874.496, 9880, 
5874.498, 9880, 
5874.5, 9880, 
5874.502, 9879, 
5874.504, 9878, 
5874.506, 9878, 
5874.508, 9877, 
5874.51, 9876, 
5874.512, 9876, 
5874.514, 9876, 
5874.516, 9875, 
5874.518, 9875, 
5874.52, 9874, 
5874.522, 9873, 
5874.524, 9872, 
5874.526, 9872, 
5874.528, 9872, 
5874.53, 9872, 
5874.532, 9872, 
5874.534, 9872, 
5874.536, 9871, 
5874.538, 9871, 
5874.54, 9871, 
5874.542, 9872, 
5874.544, 9872, 
5874.546, 9872, 
5874.548, 9872, 
5874.55, 9872, 
5874.552, 9872, 
5874.554, 9872, 
5874.556, 9872, 
5874.558, 9871, 
5874.56, 9871, 
5874.562, 9871, 
5874.564, 9870, 
5874.566, 9870, 
5874.568, 9870, 
5874.57, 9870, 
5874.572, 9869, 
5874.574, 9868, 
5874.576, 9868, 
5874.578, 9867, 
5874.58, 9866, 
5874.582, 9865, 
5874.584, 9864, 
5874.586, 9863, 
5874.588, 9862, 
5874.59, 9861, 
5874.592, 9859, 
5874.594, 9858, 
5874.596, 9857, 
5874.598, 9856, 
5874.6, 9854, 
5874.602, 9853, 
5874.604, 9853, 
5874.606, 9852, 
5874.608, 9851, 
5874.61, 9850, 
5874.612, 9850, 
5874.614, 9849, 
5874.616, 9849, 
5874.618, 9849, 
5874.62, 9849, 
5874.622, 9849, 
5874.624, 9849, 
5874.626, 9850, 
5874.628, 9850, 
5874.63, 9851, 
5874.632, 9851, 
5874.634, 9852, 
5874.636, 9852, 
5874.638, 9852, 
5874.64, 9853, 
5874.642, 9854, 
5874.644, 9855, 
5874.646, 9855, 
5874.648, 9856, 
5874.65, 9857, 
5874.652, 9858, 
5874.654, 9858, 
5874.656, 9860, 
5874.658, 9861, 
5874.66, 9862, 
5874.662, 9863, 
5874.664, 9864, 
5874.666, 9866, 
5874.668, 9867, 
5874.67, 9868, 
5874.672, 9869, 
5874.674, 9870, 
5874.676, 9871, 
5874.678, 9873, 
5874.68, 9874, 
5874.682, 9875, 
5874.684, 9876, 
5874.686, 9876, 
5874.688, 9877, 
5874.69, 9878, 
5874.692, 9878, 
5874.694, 9879, 
5874.696, 9879, 
5874.698, 9879, 
5874.7, 9879, 
5874.702, 9879, 
5874.704, 9879, 
5874.706, 9879, 
5874.708, 9879, 
5874.71, 9878, 
5874.712, 9878, 
5874.714, 9877, 
5874.716, 9876, 
5874.718, 9875, 
5874.72, 9874, 
5874.722, 9873, 
5874.724, 9873, 
5874.726, 9871, 
5874.728, 9870, 
5874.73, 9869, 
5874.732, 9867, 
5874.734, 9866, 
5874.736, 9865, 
5874.738, 9864, 
5874.74, 9863, 
5874.742, 9863, 
5874.744, 9862, 
5874.746, 9862, 
5874.748, 9862, 
5874.75, 9862, 
5874.752, 9862, 
5874.754, 9862, 
5874.756, 9863, 
5874.758, 9863, 
5874.76, 9864, 
5874.762, 9865, 
5874.764, 9866, 
5874.766, 9866, 
5874.768, 9868, 
5874.77, 9869, 
5874.772, 9869, 
5874.774, 9871, 
5874.776, 9872, 
5874.778, 9873, 
5874.78, 9874, 
5874.782, 9875, 
5874.784, 9876, 
5874.786, 9877, 
5874.788, 9878, 
5874.79, 9879, 
5874.792, 9880, 
5874.794, 9881, 
5874.796, 9882, 
5874.798, 9882, 
5874.8, 9883, 
5874.802, 9884, 
5874.804, 9885, 
5874.806, 9886, 
5874.808, 9886, 
5874.81, 9886, 
5874.812, 9886, 
5874.814, 9887, 
5874.816, 9887, 
5874.818, 9887, 
5874.82, 9887, 
5874.822, 9888, 
5874.824, 9888, 
5874.826, 9888, 
5874.828, 9888, 
5874.83, 9888, 
5874.832, 9888, 
5874.834, 9889, 
5874.836, 9889, 
5874.838, 9890, 
5874.84, 9890, 
5874.842, 9891, 
5874.844, 9891, 
5874.846, 9891, 
5874.848, 9892, 
5874.85, 9892, 
5874.852, 9893, 
5874.854, 9894, 
5874.856, 9895, 
5874.858, 9895, 
5874.86, 9895, 
5874.862, 9896, 
5874.864, 9896, 
5874.866, 9896, 
5874.868, 9897, 
5874.87, 9897, 
5874.872, 9897, 
5874.874, 9897, 
5874.876, 9897, 
5874.878, 9897, 
5874.88, 9897, 
5874.882, 9897, 
5874.884, 9897, 
5874.886, 9897, 
5874.888, 9897, 
5874.89, 9897, 
5874.892, 9896, 
5874.894, 9896, 
5874.896, 9896, 
5874.898, 9896, 
5874.9, 9896, 
5874.902, 9896, 
5874.904, 9896, 
5874.906, 9896, 
5874.908, 9896, 
5874.91, 9895, 
5874.912, 9896, 
5874.914, 9896, 
5874.916, 9895, 
5874.918, 9895, 
5874.92, 9894, 
5874.922, 9894, 
5874.924, 9894, 
5874.926, 9894, 
5874.928, 9893, 
5874.93, 9893, 
5874.932, 9893, 
5874.934, 9893, 
5874.936, 9892, 
5874.938, 9892, 
5874.94, 9891, 
5874.942, 9891, 
5874.944, 9891, 
5874.946, 9891, 
5874.948, 9890, 
5874.95, 9890, 
5874.952, 9890, 
5874.954, 9890, 
5874.956, 9889, 
5874.958, 9889, 
5874.96, 9889, 
5874.962, 9889, 
5874.964, 9889, 
5874.966, 9889, 
5874.968, 9889, 
5874.97, 9889, 
5874.972, 9888, 
5874.974, 9888, 
5874.976, 9887, 
5874.978, 9887, 
5874.98, 9886, 
5874.982, 9885, 
5874.984, 9885, 
5874.986, 9884, 
5874.988, 9883, 
5874.99, 9882, 
5874.992, 9881, 
5874.994, 9880, 
5874.996, 9879, 
5874.998, 9877, 
5875.0, 9875, 
5875.002, 9874, 
5875.004, 9873, 
5875.006, 9871, 
5875.008, 9870, 
5875.01, 9868, 
5875.012, 9867, 
5875.014, 9865, 
5875.016, 9864, 
5875.018, 9862, 
5875.02, 9860, 
5875.022, 9859, 
5875.024, 9857, 
5875.026, 9854, 
5875.028, 9852, 
5875.03, 9850, 
5875.032, 9847, 
5875.034, 9844, 
5875.036, 9842, 
5875.038, 9839, 
5875.04, 9837, 
5875.042, 9834, 
5875.044, 9832, 
5875.046, 9829, 
5875.048, 9826, 
5875.05, 9823, 
5875.052, 9821, 
5875.054, 9817, 
5875.056, 9814, 
5875.058, 9811, 
5875.06, 9808, 
5875.062, 9805, 
5875.064, 9802, 
5875.066, 9798, 
5875.068, 9795, 
5875.07, 9792, 
5875.072, 9789, 
5875.074, 9786, 
5875.076, 9783, 
5875.078, 9779, 
5875.08, 9776, 
5875.082, 9774, 
5875.084, 9770, 
5875.086, 9767, 
5875.088, 9765, 
5875.09, 9761, 
5875.092, 9758, 
5875.094, 9756, 
5875.096, 9754, 
5875.098, 9753, 
5875.1, 9750, 
5875.102, 9748, 
5875.104, 9746, 
5875.106, 9744, 
5875.108, 9742, 
5875.11, 9741, 
5875.112, 9739, 
5875.114, 9738, 
5875.116, 9737, 
5875.118, 9736, 
5875.12, 9735, 
5875.122, 9735, 
5875.124, 9735, 
5875.126, 9735, 
5875.128, 9735, 
5875.13, 9735, 
5875.132, 9735, 
5875.134, 9735, 
5875.136, 9735, 
5875.138, 9736, 
5875.14, 9736, 
5875.142, 9737, 
5875.144, 9738, 
5875.146, 9739, 
5875.148, 9739, 
5875.15, 9740, 
5875.152, 9741, 
5875.154, 9741, 
5875.156, 9743, 
5875.158, 9743, 
5875.16, 9745, 
5875.162, 9746, 
5875.164, 9748, 
5875.166, 9749, 
5875.168, 9751, 
5875.17, 9752, 
5875.172, 9754, 
5875.174, 9756, 
5875.176, 9758, 
5875.178, 9760, 
5875.18, 9762, 
5875.182, 9764, 
5875.184, 9767, 
5875.186, 9769, 
5875.188, 9772, 
5875.19, 9775, 
5875.192, 9777, 
5875.194, 9780, 
5875.196, 9784, 
5875.198, 9786, 
5875.2, 9789, 
5875.202, 9792, 
5875.204, 9795, 
5875.206, 9797, 
5875.208, 9800, 
5875.21, 9802, 
5875.212, 9803, 
5875.214, 9805, 
5875.216, 9807, 
5875.218, 9809, 
5875.22, 9810, 
5875.222, 9812, 
5875.224, 9813, 
5875.226, 9814, 
5875.228, 9815, 
5875.23, 9818, 
5875.232, 9819, 
5875.234, 9820, 
5875.236, 9821, 
5875.238, 9823, 
5875.24, 9824, 
5875.242, 9826, 
5875.244, 9828, 
5875.246, 9830, 
5875.248, 9832, 
5875.25, 9834, 
5875.252, 9836, 
5875.254, 9838, 
5875.256, 9840, 
5875.258, 9842, 
5875.26, 9844, 
5875.262, 9847, 
5875.264, 9850, 
5875.266, 9852, 
5875.268, 9854, 
5875.27, 9856, 
5875.272, 9858, 
5875.274, 9860, 
5875.276, 9861, 
5875.278, 9863, 
5875.28, 9864, 
5875.282, 9866, 
5875.284, 9867, 
5875.286, 9868, 
5875.288, 9869, 
5875.29, 9870, 
5875.292, 9871, 
5875.294, 9872, 
5875.296, 9874, 
5875.298, 9875, 
5875.3, 9876, 
5875.302, 9876, 
5875.304, 9876, 
5875.306, 9877, 
5875.308, 9877, 
5875.31, 9877, 
5875.312, 9877, 
5875.314, 9878, 
5875.316, 9878, 
5875.318, 9879, 
5875.32, 9879, 
5875.322, 9879, 
5875.324, 9879, 
5875.326, 9879, 
5875.328, 9880, 
5875.33, 9880, 
5875.332, 9879, 
5875.334, 9879, 
5875.336, 9878, 
5875.338, 9878, 
5875.34, 9878, 
5875.342, 9877, 
5875.344, 9876, 
5875.346, 9875, 
5875.348, 9874, 
5875.35, 9874, 
5875.352, 9873, 
5875.354, 9872, 
5875.356, 9872, 
5875.358, 9871, 
5875.36, 9870, 
5875.362, 9869, 
5875.364, 9867, 
5875.366, 9866, 
5875.368, 9865, 
5875.37, 9864, 
5875.372, 9863, 
5875.374, 9862, 
5875.376, 9861, 
5875.378, 9860, 
5875.38, 9858, 
5875.382, 9856, 
5875.384, 9855, 
5875.386, 9854, 
5875.388, 9853, 
5875.39, 9851, 
5875.392, 9849, 
5875.394, 9847, 
5875.396, 9845, 
5875.398, 9843, 
5875.4, 9841, 
5875.402, 9839, 
5875.404, 9837, 
5875.406, 9835, 
5875.408, 9833, 
5875.41, 9831, 
5875.412, 9829, 
5875.414, 9828, 
5875.416, 9826, 
5875.418, 9825, 
5875.42, 9824, 
5875.422, 9822, 
5875.424, 9820, 
5875.426, 9819, 
5875.428, 9817, 
5875.43, 9815, 
5875.432, 9814, 
5875.434, 9812, 
5875.436, 9811, 
5875.438, 9810, 
5875.44, 9808, 
5875.442, 9807, 
5875.444, 9806, 
5875.446, 9806, 
5875.448, 9806, 
5875.45, 9805, 
5875.452, 9804, 
5875.454, 9804, 
5875.456, 9803, 
5875.458, 9803, 
5875.46, 9803, 
5875.462, 9804, 
5875.464, 9804, 
5875.466, 9805, 
5875.468, 9806, 
5875.47, 9807, 
5875.472, 9808, 
5875.474, 9809, 
5875.476, 9811, 
5875.478, 9812, 
5875.48, 9815, 
5875.482, 9816, 
5875.484, 9818, 
5875.486, 9819, 
5875.488, 9820, 
5875.49, 9822, 
5875.492, 9823, 
5875.494, 9825, 
5875.496, 9826, 
5875.498, 9827, 
5875.5, 9828, 
5875.502, 9829, 
5875.504, 9830, 
5875.506, 9831, 
5875.508, 9832, 
5875.51, 9832, 
5875.512, 9834, 
5875.514, 9833, 
5875.516, 9833, 
5875.518, 9832, 
5875.52, 9832, 
5875.522, 9831, 
5875.524, 9830, 
5875.526, 9828, 
5875.528, 9827, 
5875.53, 9826, 
5875.532, 9823, 
5875.534, 9821, 
5875.536, 9819, 
5875.538, 9816, 
5875.54, 9814, 
5875.542, 9811, 
5875.544, 9809, 
5875.546, 9806, 
5875.548, 9803, 
5875.55, 9800, 
5875.552, 9797, 
5875.554, 9794, 
5875.556, 9792, 
5875.558, 9790, 
5875.56, 9787, 
5875.562, 9785, 
5875.564, 9783, 
5875.566, 9781, 
5875.568, 9780, 
5875.57, 9779, 
5875.572, 9779, 
5875.574, 9780, 
5875.576, 9780, 
5875.578, 9780, 
5875.58, 9781, 
5875.582, 9781, 
5875.584, 9782, 
5875.586, 9783, 
5875.588, 9784, 
5875.59, 9785, 
5875.592, 9786, 
5875.594, 9787, 
5875.596, 9788, 
5875.598, 9788, 
5875.6, 9789, 
5875.602, 9790, 
5875.604, 9790, 
5875.606, 9792, 
5875.608, 9792, 
5875.61, 9792, 
5875.612, 9792, 
5875.614, 9793, 
5875.616, 9792, 
5875.618, 9791, He  D3 (or d) 
5875.62, 9791, 
5875.622, 9791, 
5875.624, 9790, 
5875.626, 9790, 
5875.628, 9790, 
5875.63, 9789, 
5875.632, 9789, 
5875.634, 9789, 
5875.636, 9789, 
5875.638, 9789, 
5875.64, 9789, 
5875.642, 9789, 
5875.644, 9789, 
5875.646, 9789, 
5875.648, 9790, 
5875.65, 9790, 
5875.652, 9790, 
5875.654, 9790, 
5875.656, 9791, 
5875.658, 9791, 
5875.66, 9792, 
5875.662, 9792, 
5875.664, 9793, 
5875.666, 9793, 
5875.668, 9796, 
5875.67, 9797, 
5875.672, 9798, 
5875.674, 9799, 
5875.676, 9799, 
5875.678, 9801, 
5875.68, 9801, 
5875.682, 9802, 
5875.684, 9803, 
5875.686, 9804, 
5875.688, 9805, 
5875.69, 9805, 
5875.692, 9806, 
5875.694, 9807, 
5875.696, 9808, 
5875.698, 9808, 
5875.7, 9810, 
5875.702, 9811, 
5875.704, 9811, 
5875.706, 9812, 
5875.708, 9812, 
5875.71, 9813, 
5875.712, 9813, 
5875.714, 9814, 
5875.716, 9814, 
5875.718, 9815, 
5875.72, 9815, 
5875.722, 9815, 
5875.724, 9815, 
5875.726, 9815, 
5875.728, 9816, 
5875.73, 9816, 
5875.732, 9817, 
5875.734, 9817, 
5875.736, 9818, 
5875.738, 9818, 
5875.74, 9819, 
5875.742, 9820, 
5875.744, 9820, 
5875.746, 9820, 
5875.748, 9822, 
5875.75, 9823, 
5875.752, 9823, 
5875.754, 9824, 
5875.756, 9826, 
5875.758, 9826, 
5875.76, 9827, 
5875.762, 9828, 
5875.764, 9830, 
5875.766, 9831, 
5875.768, 9832, 
5875.77, 9832, 
5875.772, 9833, 
5875.774, 9834, 
5875.776, 9835, 
5875.778, 9835, 
5875.78, 9835, 
5875.782, 9836, 
5875.784, 9837, 
5875.786, 9837, 
5875.788, 9838, 
5875.79, 9838, 
5875.792, 9839, 
5875.794, 9839, 
5875.796, 9841, 
5875.798, 9841, 
5875.8, 9842, 
5875.802, 9843, 
5875.804, 9843, 
5875.806, 9844, 
5875.808, 9845, 
5875.81, 9845, 
5875.812, 9846, 
5875.814, 9847, 
5875.816, 9848, 
5875.818, 9849, 
5875.82, 9850, 
5875.822, 9851, 
5875.824, 9852, 
5875.826, 9855, 
5875.828, 9856, 
5875.83, 9857, 
5875.832, 9858, 
5875.834, 9860, 
5875.836, 9861, 
5875.838, 9862, 
5875.84, 9864, 
5875.842, 9865, 
5875.844, 9866, 
5875.846, 9867, 
5875.848, 9868, 
5875.85, 9869, 
5875.852, 9871, 
5875.854, 9871, 
5875.856, 9873, 
5875.858, 9874, 
5875.86, 9875, 
5875.862, 9876, 
5875.864, 9876, 
5875.866, 9877, 
5875.868, 9877, 
5875.87, 9877, 
5875.872, 9878, 
5875.874, 9878, 
5875.876, 9878, 
5875.878, 9878, 
5875.88, 9878, 
5875.882, 9878, 
5875.884, 9878, 
5875.886, 9878, 
5875.888, 9878, 
5875.89, 9879, 
5875.892, 9878, 
5875.894, 9878, 
5875.896, 9878, 
5875.898, 9878, 
5875.9, 9878, 
5875.902, 9878, 
5875.904, 9878, 
5875.906, 9878, 
5875.908, 9878, 
5875.91, 9878, 
5875.912, 9877, 
5875.914, 9877, 
5875.916, 9876, 
5875.918, 9876, 
5875.92, 9877, 
5875.922, 9877, 
5875.924, 9876, 
5875.926, 9876, 
5875.928, 9875, 
5875.93, 9875, 
5875.932, 9874, 
5875.934, 9873, 
5875.936, 9872, 
5875.938, 9871, 
5875.94, 9871, 
5875.942, 9870, 
5875.944, 9869, 
5875.946, 9869, 
5875.948, 9868, 
5875.95, 9868, 
5875.952, 9869, 
5875.954, 9868, 
5875.956, 9868, 
5875.958, 9868, 
5875.96, 9868, 
5875.962, 9869, 
5875.964, 9869, 
5875.966, 9869, 
5875.968, 9869, 
5875.97, 9870, 
5875.972, 9870, 
5875.974, 9871, 
5875.976, 9871, 
5875.978, 9871, 
5875.98, 9871, 
5875.982, 9871, 
5875.984, 9872, 
5875.986, 9872, 
5875.988, 9872, 
5875.99, 9872, 
5875.992, 9871, 
5875.994, 9870, 
5875.996, 9869, 
5875.998, 9868, 
5876.0, 9867, 
5876.002, 9865, 
5876.004, 9864, 
5876.006, 9863, 
5876.008, 9861, 
5876.01, 9860, 
5876.012, 9858, 
5876.014, 9856, 
5876.016, 9855, 
5876.018, 9853, 
5876.02, 9851, 
5876.022, 9850, 
5876.024, 9848, 
5876.026, 9846, 
5876.028, 9845, 
5876.03, 9843, 
5876.032, 9842, 
5876.034, 9840, 
5876.036, 9839, 
5876.038, 9836, 
5876.04, 9835, 
5876.042, 9833, 
5876.044, 9830, 
5876.046, 9828, 
5876.048, 9826, 
5876.05, 9824, 
5876.052, 9822, 
5876.054, 9819, 
5876.056, 9815, 
5876.058, 9812, 
5876.06, 9809, 
5876.062, 9806, 
5876.064, 9802, 
5876.066, 9797, 
5876.068, 9793, 
5876.07, 9789, 
5876.072, 9784, 
5876.074, 9780, 
5876.076, 9776, 
5876.078, 9770, 
5876.08, 9765, 
5876.082, 9761, 
5876.084, 9756, 
5876.086, 9751, 
5876.088, 9747, 
5876.09, 9742, 
5876.092, 9739, 
5876.094, 9735, 
5876.096, 9731, 
5876.098, 9728, 
5876.1, 9725, 
5876.102, 9722, 
5876.104, 9720, 
5876.106, 9719, 
5876.108, 9718, 
5876.11, 9718, 
5876.112, 9718, 
5876.114, 9718, 
5876.116, 9719, 
5876.118, 9720, 
5876.12, 9722, 
5876.122, 9724, 
5876.124, 9726, 
5876.126, 9729, 
5876.128, 9732, 
5876.13, 9736, 
5876.132, 9740, 
5876.134, 9744, 
5876.136, 9747, 
5876.138, 9751, 
5876.14, 9755, 
5876.142, 9759, 
5876.144, 9763, 
5876.146, 9767, 
5876.148, 9770, 
5876.15, 9774, 
5876.152, 9778, 
5876.154, 9782, 
5876.156, 9785, 
5876.158, 9788, 
5876.16, 9791, 
5876.162, 9794, 
5876.164, 9797, 
5876.166, 9799, 
5876.168, 9802, 
5876.17, 9804, 
5876.172, 9806, 
5876.174, 9806, 
5876.176, 9807, 
5876.178, 9808, 
5876.18, 9808, 
5876.182, 9808, 
5876.184, 9808, 
5876.186, 9807, 
5876.188, 9806, 
5876.19, 9804, 
5876.192, 9802, 
5876.194, 9799, 
5876.196, 9796, 
5876.198, 9792, 
5876.2, 9788, 
5876.202, 9783, 
5876.204, 9778, 
5876.206, 9772, 
5876.208, 9765, 
5876.21, 9758, 
5876.212, 9751, 
5876.214, 9743, 
5876.216, 9735, 
5876.218, 9725, 
5876.22, 9715, 
5876.222, 9705, 
5876.224, 9695, 
5876.226, 9684, 
5876.228, 9672, 
5876.23, 9659, 
5876.232, 9647, 
5876.234, 9634, 
5876.236, 9621, 
5876.238, 9608, 
5876.24, 9593, 
5876.242, 9579, 
5876.244, 9566, 
5876.246, 9552, 
5876.248, 9539, 
5876.25, 9524, 
5876.252, 9511, 
5876.254, 9497, 
5876.256, 9482, 
5876.258, 9470, 
5876.26, 9459, 
5876.262, 9450, 
5876.264, 9443, 
5876.266, 9436, 
5876.268, 9429, 
5876.27, 9423, 
5876.272, 9418, 
5876.274, 9416, 
5876.276, 9415, 
5876.278, 9416, 
5876.28, 9419, 
5876.282, 9424, 
5876.284, 9430, 
5876.286, 9438, 
5876.288, 9447, 
5876.29, 9459, 
5876.292, 9470, 
5876.294, 9481, 
5876.296, 9493, 
5876.298, 9505, 
5876.3, 9517, 
5876.302, 9530, 
5876.304, 9543, 
5876.306, 9556, 
5876.308, 9569, 
5876.31, 9581, 
5876.312, 9593, 
5876.314, 9605, 
5876.316, 9617, 
5876.318, 9628, 
5876.32, 9639, 
5876.322, 9650, 
5876.324, 9661, 
5876.326, 9672, 
5876.328, 9681, 
5876.33, 9689, 
5876.332, 9698, 
5876.334, 9708, 
5876.336, 9716, 
5876.338, 9724, 
5876.34, 9732, 
5876.342, 9740, 
5876.344, 9747, 
5876.346, 9754, 
5876.348, 9760, 
5876.35, 9766, 
5876.352, 9771, 
5876.354, 9776, 
5876.356, 9782, 
5876.358, 9787, 
5876.36, 9792, 
5876.362, 9796, 
5876.364, 9801, 
5876.366, 9805, 
5876.368, 9808, 
5876.37, 9811, 
5876.372, 9814, 
5876.374, 9816, 
5876.376, 9818, 
5876.378, 9819, 
5876.38, 9821, 
5876.382, 9822, 
5876.384, 9822, 
5876.386, 9821, 
5876.388, 9820, 
5876.39, 9819, 
5876.392, 9817, 
5876.394, 9815, 
5876.396, 9812, 
5876.398, 9809, 
5876.4, 9806, 
5876.402, 9803, 
5876.404, 9799, 
5876.406, 9796, 
5876.408, 9793, 
5876.41, 9790, 
5876.412, 9787, 
5876.414, 9784, 
5876.416, 9782, 
5876.418, 9780, 
5876.42, 9778, 
5876.422, 9776, 
5876.424, 9776, 
5876.426, 9776, 
5876.428, 9776, 
5876.43, 9776, 
5876.432, 9776, 
5876.434, 9777, 
5876.436, 9778, 
5876.438, 9779, 
5876.44, 9781, 
5876.442, 9783, 
5876.444, 9785, 
5876.446, 9787, 
5876.448, 9789, 
5876.45, 9791, 
5876.452, 9793, 
5876.454, 9795, 
5876.456, 9798, 
5876.458, 9800, 
5876.46, 9802, 
5876.462, 9804, 
5876.464, 9806, 
5876.466, 9807, 
5876.468, 9808, 
5876.47, 9809, 
5876.472, 9810, 
5876.474, 9811, 
5876.476, 9811, 
5876.478, 9811, 
5876.48, 9811, 
5876.482, 9810, 
5876.484, 9809, 
5876.486, 9808, 
5876.488, 9807, 
5876.49, 9805, 
5876.492, 9802, 
5876.494, 9800, 
5876.496, 9798, 
5876.498, 9795, 
5876.5, 9791, 
5876.502, 9788, 
5876.504, 9785, 
5876.506, 9781, 
5876.508, 9777, 
5876.51, 9773, 
5876.512, 9769, 
5876.514, 9765, 
5876.516, 9760, 
5876.518, 9756, 
5876.52, 9751, 
5876.522, 9746, 
5876.524, 9742, 
5876.526, 9738, 
5876.528, 9733, 
5876.53, 9730, 
5876.532, 9725, 
5876.534, 9721, 
5876.536, 9718, 
5876.538, 9716, 
5876.54, 9714, 
5876.542, 9712, 
5876.544, 9710, 
5876.546, 9710, 
5876.548, 9709, 
5876.55, 9709, 
5876.552, 9710, 
5876.554, 9711, 
5876.556, 9712, 
5876.558, 9713, 
5876.56, 9715, 
5876.562, 9718, 
5876.564, 9721, 
5876.566, 9724, 
5876.568, 9727, 
5876.57, 9730, 
5876.572, 9734, 
5876.574, 9737, 
5876.576, 9742, 
5876.578, 9746, 
5876.58, 9751, 
5876.582, 9756, 
5876.584, 9761, 
5876.586, 9767, 
5876.588, 9772, 
5876.59, 9778, 
5876.592, 9783, 
5876.594, 9789, 
5876.596, 9794, 
5876.598, 9799, 
5876.6, 9805, 
5876.602, 9810, 
5876.604, 9815, 
5876.606, 9820, 
5876.608, 9824, 
5876.61, 9829, 
5876.612, 9833, 
5876.614, 9837, 
5876.616, 9841, 
5876.618, 9844, 
5876.62, 9848, 
5876.622, 9850, 
5876.624, 9852, 
5876.626, 9855, 
5876.628, 9857, 
5876.63, 9858, 
5876.632, 9859, 
5876.634, 9860, 
5876.636, 9861, 
5876.638, 9862, 
5876.64, 9862, 
5876.642, 9862, 
5876.644, 9863, 
5876.646, 9863, 
5876.648, 9863, 
5876.65, 9863, 
5876.652, 9862, 
5876.654, 9862, 
5876.656, 9862, 
5876.658, 9862, 
5876.66, 9861, 
5876.662, 9861, 
5876.664, 9861, 
5876.666, 9861, 
5876.668, 9862, 
5876.67, 9862, 
5876.672, 9863, 
5876.674, 9863, 
5876.676, 9864, 
5876.678, 9864, 
5876.68, 9864, 
5876.682, 9865, 
5876.684, 9866, 
5876.686, 9866, 
5876.688, 9867, 
5876.69, 9868, 
5876.692, 9868, 
5876.694, 9869, 
5876.696, 9870, 
5876.698, 9870, 
5876.7, 9871, 
5876.702, 9871, 
5876.704, 9871, 
5876.706, 9872, 
5876.708, 9873, 
5876.71, 9873, 
5876.712, 9873, 
5876.714, 9873, 
5876.716, 9873, 
5876.718, 9873, 
5876.72, 9874, 
5876.722, 9874, 
5876.724, 9873, 
5876.726, 9873, 
5876.728, 9874, 
5876.73, 9874, 
5876.732, 9874, 
5876.734, 9875, 
5876.736, 9875, 
5876.738, 9875, 
5876.74, 9876, 
5876.742, 9876, 
5876.744, 9876, 
5876.746, 9877, 
5876.748, 9878, 
5876.75, 9878, 
5876.752, 9879, 
5876.754, 9880, 
5876.756, 9881, 
5876.758, 9881, 
5876.76, 9882, 
5876.762, 9883, 
5876.764, 9884, 
5876.766, 9885, 
5876.768, 9886, 
5876.77, 9886, 
5876.772, 9888, 
5876.774, 9889, 
5876.776, 9889, 
5876.778, 9890, 
5876.78, 9891, 
5876.782, 9892, 
5876.784, 9893, 
5876.786, 9893, 
5876.788, 9894, 
5876.79, 9894, 
5876.792, 9895, 
5876.794, 9895, 
5876.796, 9895, 
5876.798, 9896, 
5876.8, 9896, 
5876.802, 9896, 
5876.804, 9897, 
5876.806, 9898, 
5876.808, 9898, 
5876.81, 9898, 
5876.812, 9898, 
5876.814, 9898, 
5876.816, 9898, 
5876.818, 9898, 
5876.82, 9898, 
5876.822, 9898, 
5876.824, 9898, 
5876.826, 9898, 
5876.828, 9898, 
5876.83, 9898, 
5876.832, 9898, 
5876.834, 9898, 
5876.836, 9897, 
5876.838, 9897, 
5876.84, 9897, 
5876.842, 9897, 
5876.844, 9897, 
5876.846, 9897, 
5876.848, 9897, 
5876.85, 9897, 
5876.852, 9897, 
5876.854, 9896, 
5876.856, 9896, 
5876.858, 9896, 
5876.86, 9895, 
5876.862, 9895, 
5876.864, 9895, 
5876.866, 9895, 
5876.868, 9895, 
5876.87, 9895, 
5876.872, 9895, 
5876.874, 9896, 
5876.876, 9896, 
5876.878, 9896, 
5876.88, 9896, 
5876.882, 9897, 
5876.884, 9898, 
5876.886, 9899, 
5876.888, 9900, 
5876.89, 9901, 
5876.892, 9901, 
5876.894, 9902, 
5876.896, 9904, 
5876.898, 9905, 
5876.9, 9906, 
5876.902, 9906, 
5876.904, 9907, 
5876.906, 9908, 
5876.908, 9908, 
5876.91, 9908, 
5876.912, 9908, 
5876.914, 9909, 
5876.916, 9910, 
5876.918, 9910, 
5876.92, 9910, 
5876.922, 9910, 
5876.924, 9910, 
5876.926, 9910, 
5876.928, 9910, 
5876.93, 9910, 
5876.932, 9910, 
5876.934, 9910, 
5876.936, 9910, 
5876.938, 9910, 
5876.94, 9910, 
5876.942, 9910, 
5876.944, 9910, 
5876.946, 9910, 
5876.948, 9910, 
5876.95, 9909, 
5876.952, 9909, 
5876.954, 9909, 
5876.956, 9908, 
5876.958, 9908, 
5876.96, 9908, 
5876.962, 9908, 
5876.964, 9908, 
5876.966, 9908, 
5876.968, 9907, 
5876.97, 9907, 
5876.972, 9906, 
5876.974, 9906, 
5876.976, 9905, 
5876.978, 9905, 
5876.98, 9905, 
5876.982, 9905, 
5876.984, 9905, 
5876.986, 9904, 
5876.988, 9904, 
5876.99, 9903, 
5876.992, 9903, 
5876.994, 9903, 
5876.996, 9902, 
5876.998, 9901, 
5877.0, 9900, 
5877.002, 9900, 
5877.004, 9900, 
5877.006, 9899, 
5877.008, 9898, 
5877.01, 9897, 
5877.012, 9896, 
5877.014, 9896, 
5877.016, 9895, 
5877.018, 9894, 
5877.02, 9893, 
5877.022, 9892, 
5877.024, 9891, 
5877.026, 9891, 
5877.028, 9890, 
5877.03, 9889, 
5877.032, 9888, 
5877.034, 9888, 
5877.036, 9887, 
5877.038, 9887, 
5877.04, 9887, 
5877.042, 9886, 
5877.044, 9886, 
5877.046, 9885, 
5877.048, 9885, 
5877.05, 9884, 
5877.052, 9884, 
5877.054, 9884, 
5877.056, 9884, 
5877.058, 9884, 
5877.06, 9883, 
5877.062, 9883, 
5877.064, 9883, 
5877.066, 9883, 
5877.068, 9883, 
5877.07, 9883, 
5877.072, 9883, 
5877.074, 9884, 
5877.076, 9884, 
5877.078, 9884, 
5877.08, 9884, 
5877.082, 9884, 
5877.084, 9884, 
5877.086, 9885, 
5877.088, 9885, 
5877.09, 9885, 
5877.092, 9885, 
5877.094, 9885, 
5877.096, 9885, 
5877.098, 9885, 
5877.1, 9885, 
5877.102, 9884, 
5877.104, 9884, 
5877.106, 9884, 
5877.108, 9885, 
5877.11, 9885, 
5877.112, 9885, 
5877.114, 9885, 
5877.116, 9886, 
5877.118, 9886, 
5877.12, 9887, 
5877.122, 9887, 
5877.124, 9887, 
5877.126, 9887, 
5877.128, 9887, 
5877.13, 9888, 
5877.132, 9888, 
5877.134, 9889, 
5877.136, 9889, 
5877.138, 9889, 
5877.14, 9890, 
5877.142, 9890, 
5877.144, 9889, 
5877.146, 9889, 
5877.148, 9890, 
5877.15, 9890, 
5877.152, 9891, 
5877.154, 9891, 
5877.156, 9891, 
5877.158, 9891, 
5877.16, 9892, 
5877.162, 9892, 
5877.164, 9892, 
5877.166, 9892, 
5877.168, 9892, 
5877.17, 9892, 
5877.172, 9893, 
5877.174, 9893, 
5877.176, 9893, 
5877.178, 9893, 
5877.18, 9893, 
5877.182, 9893, 
5877.184, 9893, 
5877.186, 9893, 
5877.188, 9893, 
5877.19, 9892, 
5877.192, 9892, 
5877.194, 9892, 
5877.196, 9892, 
5877.198, 9891, 
5877.2, 9891, 
5877.202, 9890, 
5877.204, 9890, 
5877.206, 9889, 
5877.208, 9888, 
5877.21, 9887, 
5877.212, 9886, 
5877.214, 9885, 
5877.216, 9884, 
5877.218, 9883, 
5877.22, 9882, 
5877.222, 9881, 
5877.224, 9879, 
5877.226, 9878, 
5877.228, 9876, 
5877.23, 9875, 
5877.232, 9874, 
5877.234, 9873, 
5877.236, 9872, 
5877.238, 9872, 
5877.24, 9871, 
5877.242, 9871, 
5877.244, 9870, 
5877.246, 9870, 
5877.248, 9870, 
5877.25, 9869, 
5877.252, 9869, 
5877.254, 9869, 
5877.256, 9869, 
5877.258, 9869, 
5877.26, 9869, 
5877.262, 9869, 
5877.264, 9868, 
5877.266, 9867, 
5877.268, 9866, 
5877.27, 9865, 
5877.272, 9865, 
5877.274, 9864, 
5877.276, 9862, 
5877.278, 9861, 
5877.28, 9860, 
5877.282, 9858, 
5877.284, 9856, 
5877.286, 9855, 
5877.288, 9853, 
5877.29, 9851, 
5877.292, 9849, 
5877.294, 9847, 
5877.296, 9845, 
5877.298, 9843, 
5877.3, 9841, 
5877.302, 9840, 
5877.304, 9839, 
5877.306, 9838, 
5877.308, 9837, 
5877.31, 9836, 
5877.312, 9835, 
5877.314, 9834, 
5877.316, 9834, 
5877.318, 9834, 
5877.32, 9835, 
5877.322, 9835, 
5877.324, 9835, 
5877.326, 9836, 
5877.328, 9837, 
5877.33, 9838, 
5877.332, 9838, 
5877.334, 9839, 
5877.336, 9839, 
5877.338, 9840, 
5877.34, 9840, 
5877.342, 9840, 
5877.344, 9840, 
5877.346, 9840, 
5877.348, 9840, 
5877.35, 9839, 
5877.352, 9837, 
5877.354, 9837, 
5877.356, 9836, 
5877.358, 9835, 
5877.36, 9834, 
5877.362, 9833, 
5877.364, 9832, 
5877.366, 9831, 
5877.368, 9830, 
5877.37, 9828, 
5877.372, 9826, 
5877.374, 9826, 
5877.376, 9825, 
5877.378, 9823, 
5877.38, 9821, 
5877.382, 9820, 
5877.384, 9818, 
5877.386, 9817, 
5877.388, 9816, 
5877.39, 9814, 
5877.392, 9812, 
5877.394, 9810, 
5877.396, 9808, 
5877.398, 9806, 
5877.4, 9805, 
5877.402, 9803, 
5877.404, 9801, 
5877.406, 9800, 
5877.408, 9799, 
5877.41, 9798, 
5877.412, 9797, 
5877.414, 9796, 
5877.416, 9796, 
5877.418, 9796, 
5877.42, 9796, 
5877.422, 9796, 
5877.424, 9796, 
5877.426, 9797, 
5877.428, 9798, 
5877.43, 9800, 
5877.432, 9801, 
5877.434, 9803, 
5877.436, 9804, 
5877.438, 9806, 
5877.44, 9808, 
5877.442, 9810, 
5877.444, 9813, 
5877.446, 9815, 
5877.448, 9817, 
5877.45, 9819, 
5877.452, 9822, 
5877.454, 9824, 
5877.456, 9827, 
5877.458, 9829, 
5877.46, 9832, 
5877.462, 9834, 
5877.464, 9836, 
5877.466, 9838, 
5877.468, 9840, 
5877.47, 9843, 
5877.472, 9845, 
5877.474, 9847, 
5877.476, 9849, 
5877.478, 9851, 
5877.48, 9852, 
5877.482, 9854, 
5877.484, 9856, 
5877.486, 9858, 
5877.488, 9859, 
5877.49, 9861, 
5877.492, 9863, 
5877.494, 9864, 
5877.496, 9865, 
5877.498, 9866, 
5877.5, 9866, 
5877.502, 9866, 
5877.504, 9866, 
5877.506, 9866, 
5877.508, 9865, 
5877.51, 9865, 
5877.512, 9864, 
5877.514, 9863, 
5877.516, 9862, 
5877.518, 9860, 
5877.52, 9859, 
5877.522, 9859, 
5877.524, 9858, 
5877.526, 9858, 
5877.528, 9857, 
5877.53, 9856, 
5877.532, 9856, 
5877.534, 9856, 
5877.536, 9856, 
5877.538, 9856, 
5877.54, 9856, 
5877.542, 9856, 
5877.544, 9856, 
5877.546, 9856, 
5877.548, 9857, 
5877.55, 9857, 
5877.552, 9857, 
5877.554, 9857, 
5877.556, 9857, 
5877.558, 9857, 
5877.56, 9857, 
5877.562, 9857, 
5877.564, 9858, 
5877.566, 9858, 
5877.568, 9858, 
5877.57, 9858, 
5877.572, 9858, 
5877.574, 9857, 
5877.576, 9857, 
5877.578, 9857, 
5877.58, 9856, 
5877.582, 9855, 
5877.584, 9854, 
5877.586, 9853, 
5877.588, 9851, 
5877.59, 9850, 
5877.592, 9849, 
5877.594, 9847, 
5877.596, 9845, 
5877.598, 9842, 
5877.6, 9838, 
5877.602, 9835, 
5877.604, 9832, 
5877.606, 9829, 
5877.608, 9825, 
5877.61, 9821, 
5877.612, 9817, 
5877.614, 9812, 
5877.616, 9807, 
5877.618, 9802, 
5877.62, 9797, 
5877.622, 9791, 
5877.624, 9786, 
5877.626, 9780, 
5877.628, 9775, 
5877.63, 9769, 
5877.632, 9763, 
5877.634, 9757, 
5877.636, 9751, 
5877.638, 9745, 
5877.64, 9740, 
5877.642, 9734, 
5877.644, 9729, 
5877.646, 9724, 
5877.648, 9719, 
5877.65, 9713, 
5877.652, 9709, 
5877.654, 9705, 
5877.656, 9701, 
5877.658, 9698, 
5877.66, 9695, 
5877.662, 9692, 
5877.664, 9689, 
5877.666, 9687, 
5877.668, 9686, 
5877.67, 9685, 
5877.672, 9683, 
5877.674, 9682, 
5877.676, 9681, 
5877.678, 9681, 
5877.68, 9680, 
5877.682, 9680, 
5877.684, 9679, 
5877.686, 9678, 
5877.688, 9677, 
5877.69, 9676, 
5877.692, 9675, 
5877.694, 9672, 
5877.696, 9669, 
5877.698, 9666, 
5877.7, 9663, 
5877.702, 9659, 
5877.704, 9654, 
5877.706, 9648, 
5877.708, 9641, 
5877.71, 9636, 
5877.712, 9630, 
5877.714, 9623, 
5877.716, 9614, 
5877.718, 9603, 
5877.72, 9591, 
5877.722, 9579, 
5877.724, 9566, 
5877.726, 9551, 
5877.728, 9534, 
5877.73, 9516, 
5877.732, 9497, 
5877.734, 9475, 
5877.736, 9449, 
5877.738, 9419, 
5877.74, 9386, 
5877.742, 9351, 
5877.744, 9314, 
5877.746, 9276, 
5877.748, 9236, 
5877.75, 9195, 
5877.752, 9152, 
5877.754, 9109, 
5877.756, 9064, 
5877.758, 9018, 
5877.76, 8969, 
5877.762, 8920, 
5877.764, 8870, 
5877.766, 8819, 
5877.768, 8768, 
5877.77, 8719, 
5877.772, 8671, 
5877.774, 8623, 
5877.776, 8574, 
5877.778, 8526, 
5877.78, 8482, 
5877.782, 8444, 
5877.784, 8411, 
5877.786, 8384, 
5877.788, 8363, 
5877.79, 8346, 
5877.792, 8333, 
5877.794, 8324, 
5877.796, 8318, 
5877.798, 8317, 
5877.8, 8321, 
5877.802, 8331, 
5877.804, 8345, 
5877.806, 8364, 
5877.808, 8390, 
5877.81, 8422, 
5877.812, 8458, 
5877.814, 8498, 
5877.816, 8543, 
5877.818, 8590, 
5877.82, 8637, 
5877.822, 8683, 
5877.824, 8731, 
5877.826, 8782, 
5877.828, 8835, 
5877.83, 8888, 
5877.832, 8940, 
5877.834, 8989, 
5877.836, 9038, 
5877.838, 9086, 
5877.84, 9133, 
5877.842, 9178, 
5877.844, 9221, 
5877.846, 9261, 
5877.848, 9299, 
5877.85, 9335, 
5877.852, 9368, 
5877.854, 9401, 
5877.856, 9431, 
5877.858, 9459, 
5877.86, 9485, 
5877.862, 9509, 
5877.864, 9532, 
5877.866, 9553, 
5877.868, 9572, 
5877.87, 9589, 
5877.872, 9607, 
5877.874, 9624, 
5877.876, 9639, 
5877.878, 9654, 
5877.88, 9669, 
5877.882, 9682, 
5877.884, 9695, 
5877.886, 9708, 
5877.888, 9721, 
5877.89, 9732, 
5877.892, 9743, 
5877.894, 9753, 
5877.896, 9763, 
5877.898, 9772, 
5877.9, 9781, 
5877.902, 9788, 
5877.904, 9796, 
5877.906, 9803, 
5877.908, 9809, 
5877.91, 9815, 
5877.912, 9820, 
5877.914, 9825, 
5877.916, 9829, 
5877.918, 9833, 
5877.92, 9836, 
5877.922, 9839, 
5877.924, 9841, 
5877.926, 9843, 
5877.928, 9844, 
5877.93, 9845, 
5877.932, 9846, 
5877.934, 9847, 
5877.936, 9848, 
5877.938, 9848, 
5877.94, 9849, 
5877.942, 9849, 
5877.944, 9849, 
5877.946, 9849, 
5877.948, 9849, 
5877.95, 9849, 
5877.952, 9849, 
5877.954, 9848, 
5877.956, 9848, 
5877.958, 9846, 
5877.96, 9845, 
5877.962, 9843, 
5877.964, 9841, 
5877.966, 9839, 
5877.968, 9837, 
5877.97, 9834, 
5877.972, 9831, 
5877.974, 9828, 
5877.976, 9825, 
5877.978, 9821, 
5877.98, 9817, 
5877.982, 9813, 
5877.984, 9808, 
5877.986, 9804, 
5877.988, 9799, 
5877.99, 9795, 
5877.992, 9790, 
5877.994, 9785, 
5877.996, 9781, 
5877.998, 9777, 
5878.0, 9772, 
5878.002, 9768, 
5878.004, 9764, 
5878.006, 9761, 
5878.008, 9757, 
5878.01, 9754, 
5878.012, 9752, 
5878.014, 9750, 
5878.016, 9748, 
5878.018, 9746, 
5878.02, 9745, 
5878.022, 9745, 
5878.024, 9745, 
5878.026, 9745, 
5878.028, 9745, 
5878.03, 9746, 
5878.032, 9746, 
5878.034, 9747, 
5878.036, 9748, 
5878.038, 9750, 
5878.04, 9752, 
5878.042, 9753, 
5878.044, 9755, 
5878.046, 9757, 
5878.048, 9758, 
5878.05, 9760, 
5878.052, 9762, 
5878.054, 9764, 
5878.056, 9766, 
5878.058, 9768, 
5878.06, 9770, 
5878.062, 9772, 
5878.064, 9774, 
5878.066, 9776, 
5878.068, 9778, 
5878.07, 9781, 
5878.072, 9784, 
5878.074, 9786, 
5878.076, 9788, 
5878.078, 9790, 
5878.08, 9792, 
5878.082, 9794, 
5878.084, 9796, 
5878.086, 9798, 
5878.088, 9800, 
5878.09, 9801, 
5878.092, 9803, 
5878.094, 9805, 
5878.096, 9807, 
5878.098, 9809, 
5878.1, 9811, 
5878.102, 9812, 
5878.104, 9814, 
5878.106, 9815, 
5878.108, 9816, 
5878.11, 9818, 
5878.112, 9820, 
5878.114, 9821, 
5878.116, 9822, 
5878.118, 9823, 
5878.12, 9825, 
5878.122, 9826, 
5878.124, 9827, 
5878.126, 9828, 
5878.128, 9830, 
5878.13, 9831, 
5878.132, 9832, 
5878.134, 9833, 
5878.136, 9835, 
5878.138, 9836, 
5878.14, 9836, 
5878.142, 9837, 
5878.144, 9838, 
5878.146, 9839, 
5878.148, 9841, 
5878.15, 9842, 
5878.152, 9843, 
5878.154, 9843, 
5878.156, 9845, 
5878.158, 9846, 
5878.16, 9846, 
5878.162, 9847, 
5878.164, 9849, 
5878.166, 9850, 
5878.168, 9851, 
5878.17, 9852, 
5878.172, 9853, 
5878.174, 9854, 
5878.176, 9855, 
5878.178, 9855, 
5878.18, 9856, 
5878.182, 9857, 
5878.184, 9858, 
5878.186, 9859, 
5878.188, 9860, 
5878.19, 9861, 
5878.192, 9862, 
5878.194, 9863, 
5878.196, 9864, 
5878.198, 9865, 
5878.2, 9866, 
5878.202, 9867, 
5878.204, 9868, 
5878.206, 9868, 
5878.208, 9869, 
5878.21, 9870, 
5878.212, 9870, 
5878.214, 9871, 
5878.216, 9871, 
5878.218, 9872, 
5878.22, 9873, 
5878.222, 9873, 
5878.224, 9874, 
5878.226, 9874, 
5878.228, 9874, 
5878.23, 9875, 
5878.232, 9876, 
5878.234, 9876, 
5878.236, 9877, 
5878.238, 9878, 
5878.24, 9878, 
5878.242, 9879, 
5878.244, 9879, 
5878.246, 9879, 
5878.248, 9879, 
5878.25, 9880, 
5878.252, 9880, 
5878.254, 9880, 
5878.256, 9880, 
5878.258, 9881, 
5878.26, 9881, 
5878.262, 9881, 
5878.264, 9881, 
5878.266, 9881, 
5878.268, 9881, 
5878.27, 9880, 
5878.272, 9880, 
5878.274, 9879, 
5878.276, 9879, 
5878.278, 9878, 
5878.28, 9878, 
5878.282, 9878, 
5878.284, 9878, 
5878.286, 9877, 
5878.288, 9877, 
5878.29, 9877, 
5878.292, 9877, 
5878.294, 9878, 
5878.296, 9878, 
5878.298, 9878, 
5878.3, 9878, 
5878.302, 9878, 
5878.304, 9879, 
5878.306, 9879, 
5878.308, 9879, 
5878.31, 9879, 
5878.312, 9880, 
5878.314, 9881, 
5878.316, 9881, 
5878.318, 9882, 
5878.32, 9883, 
5878.322, 9884, 
5878.324, 9884, 
5878.326, 9885, 
5878.328, 9886, 
5878.33, 9887, 
5878.332, 9888, 
5878.334, 9889, 
5878.336, 9890, 
5878.338, 9891, 
5878.34, 9892, 
5878.342, 9892, 
5878.344, 9893, 
5878.346, 9894, 
5878.348, 9895, 
5878.35, 9896, 
5878.352, 9897, 
5878.354, 9897, 
5878.356, 9899, 
5878.358, 9900, 
5878.36, 9901, 
5878.362, 9901, 
5878.364, 9902, 
5878.366, 9902, 
5878.368, 9903, 
5878.37, 9903, 
5878.372, 9903, 
5878.374, 9903, 
5878.376, 9904, 
5878.378, 9903, 
5878.38, 9903, 
5878.382, 9903, 
5878.384, 9903, 
5878.386, 9903, 
5878.388, 9902, 
5878.39, 9902, 
5878.392, 9902, 
5878.394, 9901, 
5878.396, 9901, 
5878.398, 9901, 
5878.4, 9900, 
5878.402, 9900, 
5878.404, 9900, 
5878.406, 9900, 
5878.408, 9900, 
5878.41, 9900, 
5878.412, 9900, 
5878.414, 9900, 
5878.416, 9900, 
5878.418, 9901, 
5878.42, 9901, 
5878.422, 9901, 
5878.424, 9901, 
5878.426, 9901, 
5878.428, 9901, 
5878.43, 9900, 
5878.432, 9900, 
5878.434, 9899, 
5878.436, 9899, 
5878.438, 9898, 
5878.44, 9898, 
5878.442, 9897, 
5878.444, 9896, 
5878.446, 9895, 
5878.448, 9895, 
5878.45, 9894, 
5878.452, 9894, 
5878.454, 9893, 
5878.456, 9893, 
5878.458, 9893, 
5878.46, 9893, 
5878.462, 9892, 
5878.464, 9892, 
5878.466, 9892, 
5878.468, 9891, 
5878.47, 9891, 
5878.472, 9892, 
5878.474, 9892, 
5878.476, 9891, 
5878.478, 9891, 
5878.48, 9892, 
5878.482, 9892, 
5878.484, 9892, 
5878.486, 9891, 
5878.488, 9890, 
5878.49, 9890, 
5878.492, 9889, 
5878.494, 9888, 
5878.496, 9887, 
5878.498, 9886, 
5878.5, 9885, 
5878.502, 9884, 
5878.504, 9883, 
5878.506, 9882, 
5878.508, 9881, 
5878.51, 9879, 
5878.512, 9879, 
5878.514, 9878, 
5878.516, 9876, 
5878.518, 9875, 
5878.52, 9875, 
5878.522, 9874, 
5878.524, 9873, 
5878.526, 9872, 
5878.528, 9872, 
5878.53, 9871, 
5878.532, 9871, 
5878.534, 9870, 
5878.536, 9870, 
5878.538, 9870, 
5878.54, 9869, 
5878.542, 9868, 
5878.544, 9867, 
5878.546, 9866, 
5878.548, 9865, 
5878.55, 9864, 
5878.552, 9863, 
5878.554, 9862, 
5878.556, 9862, 
5878.558, 9861, 
5878.56, 9860, 
5878.562, 9859, 
5878.564, 9859, 
5878.566, 9858, 
5878.568, 9858, 
5878.57, 9857, 
5878.572, 9857, 
5878.574, 9856, 
5878.576, 9856, 
5878.578, 9856, 
5878.58, 9856, 
5878.582, 9855, 
5878.584, 9855, 
5878.586, 9855, 
5878.588, 9855, 
5878.59, 9856, 
5878.592, 9856, 
5878.594, 9856, 
5878.596, 9857, 
5878.598, 9858, 
5878.6, 9859, 
5878.602, 9860, 
5878.604, 9861, 
5878.606, 9862, 
5878.608, 9864, 
5878.61, 9865, 
5878.612, 9865, 
5878.614, 9867, 
5878.616, 9868, 
5878.618, 9869, 
5878.62, 9869, 
5878.622, 9870, 
5878.624, 9871, 
5878.626, 9872, 
5878.628, 9873, 
5878.63, 9874, 
5878.632, 9874, 
5878.634, 9875, 
5878.636, 9875, 
5878.638, 9875, 
5878.64, 9875, 
5878.642, 9875, 
5878.644, 9875, 
5878.646, 9875, 
5878.648, 9876, 
5878.65, 9876, 
5878.652, 9876, 
5878.654, 9876, 
5878.656, 9876, 
5878.658, 9877, 
5878.66, 9878, 
5878.662, 9879, 
5878.664, 9880, 
5878.666, 9880, 
5878.668, 9880, 
5878.67, 9881, 
5878.672, 9882, 
5878.674, 9883, 
5878.676, 9884, 
5878.678, 9885, 
5878.68, 9885, 
5878.682, 9886, 
5878.684, 9887, 
5878.686, 9888, 
5878.688, 9888, 
5878.69, 9889, 
5878.692, 9889, 
5878.694, 9889, 
5878.696, 9889, 
5878.698, 9889, 
5878.7, 9889, 
5878.702, 9889, 
5878.704, 9889, 
5878.706, 9889, 
5878.708, 9889, 
5878.71, 9889, 
5878.712, 9889, 
5878.714, 9889, 
5878.716, 9889, 
5878.718, 9889, 
5878.72, 9890, 
5878.722, 9890, 
5878.724, 9890, 
5878.726, 9891, 
5878.728, 9892, 
5878.73, 9893, 
5878.732, 9893, 
5878.734, 9894, 
5878.736, 9895, 
5878.738, 9896, 
5878.74, 9896, 
5878.742, 9897, 
5878.744, 9897, 
5878.746, 9898, 
5878.748, 9899, 
5878.75, 9899, 
5878.752, 9900, 
5878.754, 9900, 
5878.756, 9900, 
5878.758, 9900, 
5878.76, 9901, 
5878.762, 9901, 
5878.764, 9902, 
5878.766, 9902, 
5878.768, 9902, 
5878.77, 9902, 
5878.772, 9902, 
5878.774, 9902, 
5878.776, 9902, 
5878.778, 9902, 
5878.78, 9902, 
5878.782, 9902, 
5878.784, 9902, 
5878.786, 9902, 
5878.788, 9903, 
5878.79, 9902, 
5878.792, 9902, 
5878.794, 9902, 
5878.796, 9902, 
5878.798, 9902, 
5878.8, 9901, 
5878.802, 9901, 
5878.804, 9901, 
5878.806, 9901, 
5878.808, 9901, 
5878.81, 9901, 
5878.812, 9900, 
5878.814, 9900, 
5878.816, 9900, 
5878.818, 9900, 
5878.82, 9900, 
5878.822, 9899, 
5878.824, 9899, 
5878.826, 9898, 
5878.828, 9898, 
5878.83, 9898, 
5878.832, 9898, 
5878.834, 9897, 
5878.836, 9897, 
5878.838, 9897, 
5878.84, 9897, 
5878.842, 9896, 
5878.844, 9896, 
5878.846, 9896, 
5878.848, 9896, 
5878.85, 9896, 
5878.852, 9896, 
5878.854, 9896, 
5878.856, 9896, 
5878.858, 9895, 
5878.86, 9895, 
5878.862, 9894, 
5878.864, 9894, 
5878.866, 9894, 
5878.868, 9893, 
5878.87, 9893, 
5878.872, 9892, 
5878.874, 9891, 
5878.876, 9890, 
5878.878, 9889, 
5878.88, 9888, 
5878.882, 9887, 
5878.884, 9886, 
5878.886, 9885, 
5878.888, 9883, 
5878.89, 9881, 
5878.892, 9880, 
5878.894, 9878, 
5878.896, 9876, 
5878.898, 9875, 
5878.9, 9873, 
5878.902, 9871, 
5878.904, 9869, 
5878.906, 9869, 
5878.908, 9867, 
5878.91, 9865, 
5878.912, 9863, 
5878.914, 9861, 
5878.916, 9859, 
5878.918, 9858, 
5878.92, 9856, 
5878.922, 9855, 
5878.924, 9853, 
5878.926, 9852, 
5878.928, 9850, 
5878.93, 9849, 
5878.932, 9848, 
5878.934, 9847, 
5878.936, 9846, 
5878.938, 9845, 
5878.94, 9844, 
5878.942, 9843, 
5878.944, 9843, 
5878.946, 9842, 
5878.948, 9841, 
5878.95, 9841, 
5878.952, 9840, 
5878.954, 9840, 
5878.956, 9840, 
5878.958, 9839, 
5878.96, 9839, 
5878.962, 9839, 
5878.964, 9838, 
5878.966, 9839, 
5878.968, 9840, 
5878.97, 9840, 
5878.972, 9840, 
5878.974, 9839, 
5878.976, 9839, 
5878.978, 9839, 
5878.98, 9838, 
5878.982, 9838, 
5878.984, 9838, 
5878.986, 9838, 
5878.988, 9837, 
5878.99, 9836, 
5878.992, 9835, 
5878.994, 9835, 
5878.996, 9833, 
5878.998, 9832, 
5879.0, 9832, 
5879.002, 9831, 
5879.004, 9830, 
5879.006, 9829, 
5879.008, 9828, 
5879.01, 9827, 
5879.012, 9826, 
5879.014, 9825, 
5879.016, 9824, 
5879.018, 9822, 
5879.02, 9820, 
5879.022, 9820, 
5879.024, 9819, 
5879.026, 9818, 
5879.028, 9817, 
5879.03, 9816, 
5879.032, 9815, 
5879.034, 9815, 
5879.036, 9815, 
5879.038, 9814, 
5879.04, 9814, 
5879.042, 9814, 
5879.044, 9814, 
5879.046, 9814, 
5879.048, 9815, 
5879.05, 9815, 
5879.052, 9816, 
5879.054, 9817, 
5879.056, 9818, 
5879.058, 9819, 
5879.06, 9822, 
5879.062, 9823, 
5879.064, 9825, 
5879.066, 9826, 
5879.068, 9827, 
5879.07, 9829, 
5879.072, 9831, 
5879.074, 9832, 
5879.076, 9833, 
5879.078, 9835, 
5879.08, 9836, 
5879.082, 9837, 
5879.084, 9838, 
5879.086, 9839, 
5879.088, 9840, 
5879.09, 9841, 
5879.092, 9842, 
5879.094, 9843, 
5879.096, 9845, 
5879.098, 9846, 
5879.1, 9847, 
5879.102, 9847, 
5879.104, 9848, 
5879.106, 9849, 
5879.108, 9849, 
5879.11, 9849, 
5879.112, 9850, 
5879.114, 9851, 
5879.116, 9851, 
5879.118, 9852, 
5879.12, 9852, 
5879.122, 9853, 
5879.124, 9854, 
5879.126, 9854, 
5879.128, 9855, 
5879.13, 9856, 
5879.132, 9856, 
5879.134, 9857, 
5879.136, 9857, 
5879.138, 9857, 
5879.14, 9858, 
5879.142, 9858, 
5879.144, 9858, 
5879.146, 9859, 
5879.148, 9859, 
5879.15, 9859, 
5879.152, 9859, 
5879.154, 9860, 
5879.156, 9860, 
5879.158, 9860, 
5879.16, 9860, 
5879.162, 9860, 
5879.164, 9860, 
5879.166, 9861, 
5879.168, 9861, 
5879.17, 9861, 
5879.172, 9861, 
5879.174, 9861, 
5879.176, 9861, 
5879.178, 9861, 
5879.18, 9861, 
5879.182, 9862, 
5879.184, 9862, 
5879.186, 9862, 
5879.188, 9863, 
5879.19, 9864, 
5879.192, 9864, 
5879.194, 9864, 
5879.196, 9864, 
5879.198, 9865, 
5879.2, 9865, 
5879.202, 9865, 
5879.204, 9865, 
5879.206, 9864, 
5879.208, 9864, 
5879.21, 9864, 
5879.212, 9863, 
5879.214, 9863, 
5879.216, 9862, 
5879.218, 9860, 
5879.22, 9860, 
5879.222, 9859, 
5879.224, 9858, 
5879.226, 9858, 
5879.228, 9857, 
5879.23, 9856, 
5879.232, 9855, 
5879.234, 9855, 
5879.236, 9854, 
5879.238, 9854, 
5879.24, 9854, 
5879.242, 9854, 
5879.244, 9853, 
5879.246, 9853, 
5879.248, 9853, 
5879.25, 9853, 
5879.252, 9853, 
5879.254, 9854, 
5879.256, 9854, 
5879.258, 9854, 
5879.26, 9855, 
5879.262, 9855, 
5879.264, 9855, 
5879.266, 9855, 
5879.268, 9856, 
5879.27, 9856, 
5879.272, 9856, 
5879.274, 9856, 
5879.276, 9856, 
5879.278, 9856, 
5879.28, 9856, 
5879.282, 9855, 
5879.284, 9855, 
5879.286, 9855, 
5879.288, 9855, 
5879.29, 9855, 
5879.292, 9855, 
5879.294, 9855, 
5879.296, 9855, 
5879.298, 9856, 
5879.3, 9856, 
5879.302, 9856, 
5879.304, 9857, 
5879.306, 9857, 
5879.308, 9857, 
5879.31, 9858, 
5879.312, 9859, 
5879.314, 9860, 
5879.316, 9860, 
5879.318, 9860, 
5879.32, 9860, 
5879.322, 9861, 
5879.324, 9861, 
5879.326, 9861, 
5879.328, 9861, 
5879.33, 9861, 
5879.332, 9861, 
5879.334, 9861, 
5879.336, 9861, 
5879.338, 9862, 
5879.34, 9861, 
5879.342, 9861, 
5879.344, 9861, 
5879.346, 9861, 
5879.348, 9860, 
5879.35, 9859, 
5879.352, 9858, 
5879.354, 9858, 
5879.356, 9857, 
5879.358, 9856, 
5879.36, 9854, 
5879.362, 9853, 
5879.364, 9852, 
5879.366, 9850, 
5879.368, 9848, 
5879.37, 9846, 
5879.372, 9844, 
5879.374, 9841, 
5879.376, 9838, 
5879.378, 9835, 
5879.38, 9832, 
5879.382, 9828, 
5879.384, 9824, 
5879.386, 9820, 
5879.388, 9816, 
5879.39, 9811, 
5879.392, 9806, 
5879.394, 9801, 
5879.396, 9795, 
5879.398, 9789, 
5879.4, 9782, 
5879.402, 9775, 
5879.404, 9767, 
5879.406, 9759, 
5879.408, 9751, 
5879.41, 9743, 
5879.412, 9734, 
5879.414, 9724, 
5879.416, 9713, 
5879.418, 9702, 
5879.42, 9689, 
5879.422, 9676, 
5879.424, 9661, 
5879.426, 9646, 
5879.428, 9629, 
5879.43, 9611, 
5879.432, 9593, 
5879.434, 9575, 
5879.436, 9552, 
5879.438, 9529, 
5879.44, 9504, 
5879.442, 9479, 
5879.444, 9451, 
5879.446, 9423, 
5879.448, 9393, 
5879.45, 9362, 
5879.452, 9330, 
5879.454, 9297, 
5879.456, 9264, 
5879.458, 9231, 
5879.46, 9196, 
5879.462, 9164, 
5879.464, 9132, 
5879.466, 9100, 
5879.468, 9069, 
5879.47, 9043, 
5879.472, 9018, 
5879.474, 8996, 
5879.476, 8977, 
5879.478, 8959, 
5879.48, 8942, 
5879.482, 8931, 
5879.484, 8924, 
5879.486, 8920, 
5879.488, 8920, 
5879.49, 8919, 
5879.492, 8918, 
5879.494, 8918, 
5879.496, 8924, 
5879.498, 8935, 
5879.5, 8951, 
5879.502, 8970, 
5879.504, 8989, 
5879.506, 9008, 
5879.508, 9027, 
5879.51, 9047, 
5879.512, 9069, 
5879.514, 9095, 
5879.516, 9126, 
5879.518, 9157, 
5879.52, 9187, 
5879.522, 9215, 
5879.524, 9242, 
5879.526, 9269, 
5879.528, 9295, 
5879.53, 9320, 
5879.532, 9342, 
5879.534, 9365, 
5879.536, 9387, 
5879.538, 9408, 
5879.54, 9428, 
5879.542, 9447, 
5879.544, 9464, 
5879.546, 9479, 
5879.548, 9493, 
5879.55, 9507, 
5879.552, 9519, 
5879.554, 9531, 
5879.556, 9541, 
5879.558, 9549, 
5879.56, 9556, 
5879.562, 9563, 
5879.564, 9571, 
5879.566, 9579, 
5879.568, 9586, 
5879.57, 9593, 
5879.572, 9599, 
5879.574, 9605, 
5879.576, 9611, 
5879.578, 9617, 
5879.58, 9623, 
5879.582, 9629, 
5879.584, 9635, 
5879.586, 9642, 
5879.588, 9648, 
5879.59, 9655, 
5879.592, 9662, 
5879.594, 9669, 
5879.596, 9676, 
5879.598, 9683, 
5879.6, 9691, 
5879.602, 9698, 
5879.604, 9705, 
5879.606, 9713, 
5879.608, 9720, 
5879.61, 9727, 
5879.612, 9734, 
5879.614, 9740, 
5879.616, 9746, 
5879.618, 9752, 
5879.62, 9757, 
5879.622, 9762, 
5879.624, 9766, 
5879.626, 9771, 
5879.628, 9774, 
5879.63, 9777, 
5879.632, 9780, 
5879.634, 9782, 
5879.636, 9784, 
5879.638, 9786, 
5879.64, 9787, 
5879.642, 9788, 
5879.644, 9788, 
5879.646, 9789, 
5879.648, 9789, 
5879.65, 9789, 
5879.652, 9788, 
5879.654, 9788, 
5879.656, 9787, 
5879.658, 9786, 
5879.66, 9786, 
5879.662, 9786, 
5879.664, 9785, 
5879.666, 9784, 
5879.668, 9784, 
5879.67, 9784, 
5879.672, 9784, 
5879.674, 9784, 
5879.676, 9785, 
5879.678, 9785, 
5879.68, 9785, 
5879.682, 9785, 
5879.684, 9785, 
5879.686, 9786, 
5879.688, 9786, 
5879.69, 9786, 
5879.692, 9786, 
5879.694, 9786, 
5879.696, 9786, 
5879.698, 9785, 
5879.7, 9785, 
5879.702, 9784, 
5879.704, 9784, 
5879.706, 9783, 
5879.708, 9783, 
5879.71, 9782, 
5879.712, 9782, 
5879.714, 9782, 
5879.716, 9782, 
5879.718, 9782, 
5879.72, 9782, 
5879.722, 9782, 
5879.724, 9783, 
5879.726, 9783, 
5879.728, 9784, 
5879.73, 9785, 
5879.732, 9786, 
5879.734, 9787, 
5879.736, 9788, 
5879.738, 9789, 
5879.74, 9789, 
5879.742, 9790, 
5879.744, 9791, 
5879.746, 9791, 
5879.748, 9792, 
5879.75, 9792, 
5879.752, 9792, 
5879.754, 9792, 
5879.756, 9792, 
5879.758, 9792, 
5879.76, 9790, 
5879.762, 9790, 
5879.764, 9790, 
5879.766, 9789, 
5879.768, 9789, 
5879.77, 9789, 
5879.772, 9788, 
5879.774, 9788, 
5879.776, 9788, 
5879.778, 9788, 
5879.78, 9788, 
5879.782, 9789, 
5879.784, 9789, 
5879.786, 9789, 
5879.788, 9790, 
5879.79, 9791, 
5879.792, 9792, 
5879.794, 9793, 
5879.796, 9794, 
5879.798, 9795, 
5879.8, 9796, 
5879.802, 9798, 
5879.804, 9799, 
5879.806, 9800, 
5879.808, 9801, 
5879.81, 9804, 
5879.812, 9805, 
5879.814, 9807, 
5879.816, 9808, 
5879.818, 9810, 
5879.82, 9812, 
5879.822, 9814, 
5879.824, 9815, 
5879.826, 9816, 
5879.828, 9818, 
5879.83, 9819, 
5879.832, 9821, 
5879.834, 9823, 
5879.836, 9824, 
5879.838, 9825, 
5879.84, 9827, 
5879.842, 9828, 
5879.844, 9830, 
5879.846, 9831, 
5879.848, 9833, 
5879.85, 9834, 
5879.852, 9835, 
5879.854, 9837, 
5879.856, 9838, 
5879.858, 9840, 
5879.86, 9841, 
5879.862, 9842, 
5879.864, 9843, 
5879.866, 9845, 
5879.868, 9846, 
5879.87, 9847, 
5879.872, 9847, 
5879.874, 9847, 
5879.876, 9848, 
5879.878, 9848, 
5879.88, 9848, 
5879.882, 9848, 
5879.884, 9847, 
5879.886, 9847, 
5879.888, 9846, 
5879.89, 9845, 
5879.892, 9845, 
5879.894, 9843, 
5879.896, 9842, 
5879.898, 9840, 
5879.9, 9839, 
5879.902, 9837, 
5879.904, 9835, 
5879.906, 9834, 
5879.908, 9832, 
5879.91, 9830, 
5879.912, 9827, 
5879.914, 9825, 
5879.916, 9822, 
5879.918, 9818, 
5879.92, 9815, 
5879.922, 9811, 
5879.924, 9807, 
5879.926, 9802, 
5879.928, 9797, 
5879.93, 9791, 
5879.932, 9785, 
5879.934, 9779, 
5879.936, 9771, 
5879.938, 9762, 
5879.94, 9753, 
5879.942, 9744, 
5879.944, 9733, 
5879.946, 9722, 
5879.948, 9710, 
5879.95, 9698, 
5879.952, 9685, 
5879.954, 9671, 
5879.956, 9656, 
5879.958, 9639, 
5879.96, 9622, 
5879.962, 9603, 
5879.964, 9584, 
5879.966, 9563, 
5879.968, 9541, 
5879.97, 9517, 
5879.972, 9489, 
5879.974, 9460, 
5879.976, 9427, 
5879.978, 9394, 
5879.98, 9360, 
5879.982, 9324, 
5879.984, 9288, 
5879.986, 9252, 
5879.988, 9216, 
5879.99, 9179, 
5879.992, 9143, 
5879.994, 9106, 
5879.996, 9068, 
5879.998, 9031, 
5880.0, 8996, 
5880.002, 8963, 
5880.004, 8929, 
5880.006, 8896, 
5880.008, 8865, 
5880.01, 8837, 
5880.012, 8810, 
5880.014, 8785, 
5880.016, 8765, 
5880.018, 8751, 
5880.02, 8739, 
5880.022, 8731, 
5880.024, 8726, 
5880.026, 8725, 
5880.028, 8728, 
5880.03, 8740, 
5880.032, 8758, 
5880.034, 8779, 
5880.036, 8800, 
5880.038, 8821, 
5880.04, 8843, 
5880.042, 8867, 
5880.044, 8898, 
5880.046, 8931, 
5880.048, 8966, 
5880.05, 9001, 
5880.052, 9036, 
5880.054, 9072, 
5880.056, 9107, 
5880.058, 9142, 
5880.06, 9177, 
5880.062, 9211, 
5880.064, 9243, 
5880.066, 9275, 
5880.068, 9306, 
5880.07, 9336, 
5880.072, 9366, 
5880.074, 9395, 
5880.076, 9422, 
5880.078, 9450, 
5880.08, 9476, 
5880.082, 9500, 
5880.084, 9524, 
5880.086, 9548, 
5880.088, 9568, 
5880.09, 9588, 
5880.092, 9608, 
5880.094, 9626, 
5880.096, 9644, 
5880.098, 9660, 
5880.1, 9676, 
5880.102, 9690, 
5880.104, 9703, 
5880.106, 9715, 
5880.108, 9727, 
5880.11, 9737, 
5880.112, 9747, 
5880.114, 9757, 
5880.116, 9766, 
5880.118, 9774, 
5880.12, 9783, 
5880.122, 9791, 
5880.124, 9798, 
5880.126, 9805, 
5880.128, 9812, 
5880.13, 9819, 
5880.132, 9825, 
5880.134, 9831, 
5880.136, 9836, 
5880.138, 9840, 
5880.14, 9845, 
5880.142, 9849, 
5880.144, 9854, 
5880.146, 9858, 
5880.148, 9861, 
5880.15, 9864, 
5880.152, 9867, 
5880.154, 9869, 
5880.156, 9870, 
5880.158, 9871, 
5880.16, 9872, 
5880.162, 9873, 
5880.164, 9873, 
5880.166, 9871, 
5880.168, 9870, 
5880.17, 9869, 
5880.172, 9867, 
5880.174, 9866, 
5880.176, 9864, 
5880.178, 9861, 
5880.18, 9858, 
5880.182, 9855, 
5880.184, 9850, 
5880.186, 9846, 
5880.188, 9840, 
5880.19, 9834, 
5880.192, 9828, 
5880.194, 9821, 
5880.196, 9816, 
5880.198, 9809, 
5880.2, 9799, 
5880.202, 9789, 
5880.204, 9777, 
5880.206, 9765, 
5880.208, 9753, 
5880.21, 9739, 
5880.212, 9725, 
5880.214, 9710, 
5880.216, 9693, 
5880.218, 9676, 
5880.22, 9658, 
5880.222, 9640, 
5880.224, 9621, 
5880.226, 9602, 
5880.228, 9584, 
5880.23, 9565, 
5880.232, 9546, 
5880.234, 9528, 
5880.236, 9509, 
5880.238, 9491, 
5880.24, 9471, 
5880.242, 9451, 
5880.244, 9431, 
5880.246, 9411, 
5880.248, 9390, 
5880.25, 9370, 
5880.252, 9349, 
5880.254, 9329, 
5880.256, 9309, 
5880.258, 9294, 
5880.26, 9283, 
5880.262, 9274, 
5880.264, 9268, 
5880.266, 9263, 
5880.268, 9259, 
5880.27, 9258, 
5880.272, 9258, 
5880.274, 9261, 
5880.276, 9269, 
5880.278, 9283, 
5880.28, 9302, 
5880.282, 9323, 
5880.284, 9345, 
5880.286, 9364, 
5880.288, 9384, 
5880.29, 9402, 
5880.292, 9422, 
5880.294, 9442, 
5880.296, 9464, 
5880.298, 9486, 
5880.3, 9507, 
5880.302, 9527, 
5880.304, 9546, 
5880.306, 9565, 
5880.308, 9583, 
5880.31, 9601, 
5880.312, 9618, 
5880.314, 9635, 
5880.316, 9651, 
5880.318, 9666, 
5880.32, 9680, 
5880.322, 9694, 
5880.324, 9708, 
5880.326, 9720, 
5880.328, 9731, 
5880.33, 9743, 
5880.332, 9753, 
5880.334, 9763, 
5880.336, 9772, 
5880.338, 9780, 
5880.34, 9787, 
5880.342, 9795, 
5880.344, 9802, 
5880.346, 9808, 
5880.348, 9814, 
5880.35, 9819, 
5880.352, 9824, 
5880.354, 9829, 
5880.356, 9833, 
5880.358, 9837, 
5880.36, 9840, 
5880.362, 9844, 
5880.364, 9847, 
5880.366, 9851, 
5880.368, 9853, 
5880.37, 9855, 
5880.372, 9857, 
5880.374, 9859, 
5880.376, 9861, 
5880.378, 9863, 
5880.38, 9864, 
5880.382, 9865, 
5880.384, 9866, 
5880.386, 9868, 
5880.388, 9869, 
5880.39, 9870, 
5880.392, 9871, 
5880.394, 9872, 
5880.396, 9873, 
5880.398, 9874, 
5880.4, 9876, 
5880.402, 9877, 
5880.404, 9877, 
5880.406, 9878, 
5880.408, 9879, 
5880.41, 9880, 
5880.412, 9881, 
5880.414, 9882, 
5880.416, 9883, 
5880.418, 9883, 
5880.42, 9884, 
5880.422, 9884, 
5880.424, 9885, 
5880.426, 9884, 
5880.428, 9884, 
5880.43, 9885, 
5880.432, 9885, 
5880.434, 9885, 
5880.436, 9884, 
5880.438, 9884, 
5880.44, 9884, 
5880.442, 9883, 
5880.444, 9883, 
5880.446, 9883, 
5880.448, 9883, 
5880.45, 9882, 
5880.452, 9882, 
5880.454, 9881, 
5880.456, 9881, 
5880.458, 9879, 
5880.46, 9879, 
5880.462, 9878, 
5880.464, 9877, 
5880.466, 9876, 
5880.468, 9875, 
5880.47, 9875, 
5880.472, 9874, 
5880.474, 9873, 
5880.476, 9872, 
5880.478, 9872, 
5880.48, 9872, 
5880.482, 9872, 
5880.484, 9872, 
5880.486, 9872, 
5880.488, 9872, 
5880.49, 9872, 
5880.492, 9873, 
5880.494, 9874, 
5880.496, 9875, 
5880.498, 9876, 
5880.5, 9877, 
5880.502, 9879, 
5880.504, 9880, 
5880.506, 9881, 
5880.508, 9883, 
5880.51, 9884, 
5880.512, 9885, 
5880.514, 9886, 
5880.516, 9887, 
5880.518, 9887, 
5880.52, 9888, 
5880.522, 9889, 
5880.524, 9888, 
5880.526, 9888, 
5880.528, 9888, 
5880.53, 9888, 
5880.532, 9887, 
5880.534, 9886, 
5880.536, 9885, 
5880.538, 9884, 
5880.54, 9884, 
5880.542, 9882, 
5880.544, 9881, 
5880.546, 9880, 
5880.548, 9879, 
5880.55, 9877, 
5880.552, 9876, 
5880.554, 9875, 
5880.556, 9874, 
5880.558, 9872, 
5880.56, 9871, 
5880.562, 9870, 
5880.564, 9869, 
5880.566, 9867, 
5880.568, 9866, 
5880.57, 9865, 
5880.572, 9863, 
5880.574, 9862, 
5880.576, 9861, 
5880.578, 9860, 
5880.58, 9859, 
5880.582, 9857, 
5880.584, 9856, 
5880.586, 9855, 
5880.588, 9853, 
5880.59, 9852, 
5880.592, 9851, 
5880.594, 9850, 
5880.596, 9849, 
5880.598, 9848, 
5880.6, 9847, 
5880.602, 9846, 
5880.604, 9846, 
5880.606, 9845, 
5880.608, 9844, 
5880.61, 9844, 
5880.612, 9843, 
5880.614, 9843, 
5880.616, 9843, 
5880.618, 9842, 
5880.62, 9842, 
5880.622, 9841, 
5880.624, 9840, 
5880.626, 9840, 
5880.628, 9839, 
5880.63, 9839, 
5880.632, 9839, 
5880.634, 9838, 
5880.636, 9837, 
5880.638, 9835, 
5880.64, 9834, 
5880.642, 9833, 
5880.644, 9832, 
5880.646, 9831, 
5880.648, 9830, 
5880.65, 9828, 
5880.652, 9826, 
5880.654, 9825, 
5880.656, 9823, 
5880.658, 9822, 
5880.66, 9820, 
5880.662, 9819, 
5880.664, 9817, 
5880.666, 9815, 
5880.668, 9814, 
5880.67, 9812, 
5880.672, 9810, 
5880.674, 9808, 
5880.676, 9805, 
5880.678, 9803, 
5880.68, 9801, 
5880.682, 9799, 
5880.684, 9797, 
5880.686, 9795, 
5880.688, 9793, 
5880.69, 9791, 
5880.692, 9788, 
5880.694, 9787, 
5880.696, 9785, 
5880.698, 9783, 
5880.7, 9781, 
5880.702, 9780, 
5880.704, 9778, 
5880.706, 9777, 
5880.708, 9777, 
5880.71, 9776, 
5880.712, 9776, 
5880.714, 9777, 
5880.716, 9777, 
5880.718, 9778, 
5880.72, 9780, 
5880.722, 9782, 
5880.724, 9784, 
5880.726, 9786, 
5880.728, 9788, 
5880.73, 9792, 
5880.732, 9795, 
5880.734, 9799, 
5880.736, 9803, 
5880.738, 9808, 
5880.74, 9812, 
5880.742, 9816, 
5880.744, 9821, 
5880.746, 9825, 
5880.748, 9830, 
5880.75, 9834, 
5880.752, 9840, 
5880.754, 9845, 
5880.756, 9849, 
5880.758, 9853, 
5880.76, 9857, 
5880.762, 9861, 
5880.764, 9864, 
5880.766, 9868, 
5880.768, 9871, 
5880.77, 9874, 
5880.772, 9877, 
5880.774, 9879, 
5880.776, 9882, 
5880.778, 9884, 
5880.78, 9886, 
5880.782, 9888, 
5880.784, 9890, 
5880.786, 9892, 
5880.788, 9893, 
5880.79, 9894, 
5880.792, 9896, 
5880.794, 9897, 
5880.796, 9898, 
5880.798, 9899, 
5880.8, 9900, 
5880.802, 9901, 
5880.804, 9901, 
5880.806, 9902, 
5880.808, 9902, 
5880.81, 9903, 
5880.812, 9903, 
5880.814, 9903, 
5880.816, 9904, 
5880.818, 9904, 
5880.82, 9904, 
5880.822, 9903, 
5880.824, 9903, 
5880.826, 9903, 
5880.828, 9903, 
5880.83, 9902, 
5880.832, 9902, 
5880.834, 9901, 
5880.836, 9900, 
5880.838, 9899, 
5880.84, 9899, 
5880.842, 9898, 
5880.844, 9897, 
5880.846, 9895, 
5880.848, 9893, 
5880.85, 9892, 
5880.852, 9891, 
5880.854, 9889, 
5880.856, 9887, 
5880.858, 9885, 
5880.86, 9883, 
5880.862, 9881, 
5880.864, 9879, 
5880.866, 9877, 
5880.868, 9874, 
5880.87, 9872, 
5880.872, 9869, 
5880.874, 9867, 
5880.876, 9865, 
5880.878, 9862, 
5880.88, 9859, 
5880.882, 9856, 
5880.884, 9853, 
5880.886, 9851, 
5880.888, 9848, 
5880.89, 9845, 
5880.892, 9842, 
5880.894, 9839, 
5880.896, 9836, 
5880.898, 9833, 
5880.9, 9830, 
5880.902, 9827, 
5880.904, 9825, 
5880.906, 9822, 
5880.908, 9820, 
5880.91, 9817, 
5880.912, 9815, 
5880.914, 9814, 
5880.916, 9812, 
5880.918, 9810, 
5880.92, 9810, 
5880.922, 9809, 
5880.924, 9809, 
5880.926, 9809, 
5880.928, 9810, 
5880.93, 9811, 
5880.932, 9811, 
5880.934, 9812, 
5880.936, 9814, 
5880.938, 9815, 
5880.94, 9817, 
5880.942, 9819, 
5880.944, 9821, 
5880.946, 9824, 
5880.948, 9826, 
5880.95, 9828, 
5880.952, 9829, 
5880.954, 9832, 
5880.956, 9833, 
5880.958, 9834, 
5880.96, 9835, 
5880.962, 9837, 
5880.964, 9837, 
5880.966, 9838, 
5880.968, 9839, 
5880.97, 9839, 
5880.972, 9839, 
5880.974, 9840, 
5880.976, 9839, 
5880.978, 9839, 
5880.98, 9839, 
5880.982, 9839, 
5880.984, 9839, 
5880.986, 9838, 
5880.988, 9838, 
5880.99, 9837, 
5880.992, 9836, 
5880.994, 9836, 
5880.996, 9835, 
5880.998, 9834, 
5881.0, 9834, 